Timestamp[ms] A_X [mg] A_Y [mg] A_Z [mg] G_X [mdps] G_Y [mdps] G_Z [mdps]
0 -689 62 690 3710 1540 -8120
9 -693 69 689 3360 2940 -8400
19 -698 70 692 2520 3710 -7420
28 -702 69 692 1680 3710 -5460
38 -702 63 689 770 3500 -3430
48 -704 55 685 -350 3710 -2030
57 -718 40 687 -1120 4410 -1120
67 -733 28 702 -1190 4900 -980
76 -745 30 718 -1050 4410 -1750
86 -751 33 725 -1120 2730 -2940
96 -749 35 724 -1190 490 -3920
105 -743 34 717 -1260 -1400 -4480
115 -738 41 716 -1050 -2240 -4690
125 -733 51 723 -700 -2450 -4270
134 -727 62 725 -560 -2380 -3150
144 -721 66 723 -770 -2240 -1260
153 -716 65 721 -1260 -1960 1120
163 -711 55 717 -1680 -1540 3290
173 -703 47 724 -1680 -1050 4760
182 -697 36 722 -1190 -1050 4830
192 -691 30 721 -700 -1400 3360
201 -689 36 720 -280 -1960 980
211 -684 42 717 -70 -2520 -1400
221 -681 45 714 -210 -3150 -3430
230 -674 43 714 -420 -3500 -4620
240 -672 41 707 -280 -3150 -5110
250 -670 43 704 -210 -2030 -5320
259 -677 48 705 -70 -280 -5180
269 -689 50 708 -280 1610 -4550
278 -703 51 718 -700 2870 -3500
288 -711 45 719 -1120 3290 -2170
298 -712 44 724 -1680 2940 -1050
307 -716 37 726 -2310 2380 -350
317 -717 36 724 -2240 1960 -140
326 -714 37 716 -2170 2030 -280
336 -716 46 719 -2310 2380 -630
346 -715 49 726 -3010 2940 -770
355 -714 48 718 -4200 3150 -770
365 -714 49 720 -5040 3010 -560
375 -710 52 725 -6650 2940 -490
384 -700 76 722 -8120 2310 -420
394 -686 94 713 -10710 2170 140
403 -672 109 709 -15470 3500 980
413 -663 117 706 -21070 6370 2030
423 -649 130 709 -26880 10570 3500
432 -633 128 726 -33250 15120 5390
442 -623 137 735 -39340 19600 6790
451 -601 155 750 -45220 24080 7210
461 -590 186 747 -52290 28980 6860
471 -576 191 729 -60830 35140 6650
480 -558 205 698 -70070 42840 6440
490 -566 197 622 -82390 52430 5460
500 -609 161 553 -96320 64330 5110
509 -658 70 560 -108010 77000 6230
519 -709 44 565 -113890 86940 7560
528 -725 55 555 -119700 91210 8820
538 -721 8 577 -128590 92260 10010
548 -759 23 613 -133490 92470 10990
557 -796 82 564 -132370 91910 10850
567 -764 6 570 -136990 89670 11970
576 -800 -13 515 -141470 87500 12880
586 -821 -124 487 -144130 85820 12600
596 -862 -226 483 -142100 83370 10780
605 -915 -283 445 -131950 80570 7630
615 -959 -335 434 -123270 75460 2660
625 -1056 -387 442 -114170 67620 -3920
634 -1020 -432 473 -100800 56000 -11340
644 -972 -390 460 -83510 41930 -19320
653 -920 -314 447 -71470 29540 -27230
663 -888 -256 460 -67830 21000 -33110
673 -876 -226 459 -69300 16170 -35000
682 -859 -231 473 -72940 12810 -32410
692 -825 -248 452 -72520 11620 -26950
701 -788 -293 432 -72170 13580 -20440
711 -797 -304 420 -72520 18270 -15330
721 -815 -306 422 -71330 26040 -10710
730 -826 -265 409 -68110 35000 -5040
740 -849 -264 412 -69720 41930 1120
750 -879 -294 429 -75600 44240 7560
759 -909 -328 455 -82460 40390 12600
769 -913 -379 461 -87150 32130 15750
778 -903 -403 426 -85260 22540 16870
788 -885 -395 382 -79590 15190 16660
798 -858 -372 343 -71050 13020 16730
807 -827 -358 311 -60690 17010 17780
817 -818 -350 341 -53060 25410 18760
826 -864 -403 370 -47670 34650 19390
836 -920 -390 319 -42210 40740 19880
846 -943 -396 306 -40950 40740 18060
855 -943 -382 292 -40950 36400 14700
865 -934 -344 240 -35350 34230 11340
875 -937 -306 202 -26110 38150 8610
884 -1039 -228 232 -23940 44800 6440
894 -987 -321 302 -31850 47460 5040
903 -979 -337 274 -27160 50050 350
913 -993 -360 231 -19320 55930 -10080
923 -986 -378 217 -15260 61390 -21280
932 -943 -346 223 -10500 66150 -29540
942 -896 -317 240 -6720 70140 -33250
951 -921 -308 241 -11060 68250 -31570
961 -1050 -201 362 -25830 55440 -27650
971 -1003 -175 362 -26810 45290 -24080
980 -1019 -198 239 -27300 26390 -10640
990 -1000 -316 256 -17990 21770 6650
1000 -992 -301 205 -16800 20230 18480
1009 -994 -346 166 -21770 20720 22050
1019 -959 -402 184 -23730 19530 20720
1028 -971 -411 262 -19320 19180 15120
1038 -1007 -460 274 -19810 17080 7910
1048 -1022 -418 244 -30730 16380 -420
1057 -1022 -378 312 -52710 22470 -9800
1067 -1006 -370 156 -73500 29680 -18830
1076 -967 -319 123 -102200 29750 -21490
1086 -986 -337 125 -129500 48860 -22190
1096 -988 -359 154 -145810 65170 -23800
1105 -974 -369 172 -153370 75460 -26320
1115 -952 -357 169 -150850 82110 -28840
1125 -941 -328 133 -141400 86520 -29890
1134 -949 -370 51 -133350 88690 -29610
1144 -946 -370 -33 -131600 90300 -29680
1153 -951 -306 -117 -141470 90580 -31080
1163 -936 -300 -165 -165480 87990 -32340
1173 -907 -333 -201 -192220 82110 -33670
1182 -889 -331 -187 -210490 76160 -34930
1192 -887 -359 -206 -218820 72240 -35280
1201 -879 -387 -227 -220640 70210 -34720
1211 -869 -376 -234 -218960 70490 -33670
1221 -859 -369 -238 -217000 72240 -30170
1230 -857 -385 -219 -215600 73710 -24220
1240 -870 -408 -172 -209650 74830 -17500
1250 -883 -422 -173 -191870 74900 -10850
1259 -873 -416 -235 -166390 72100 -4340
1269 -869 -379 -285 -143500 68530 -560
1278 -878 -365 -314 -130130 64260 70
1288 -886 -354 -332 -124530 58310 -1120
1298 -884 -351 -359 -121240 50330 -3290
1307 -879 -329 -375 -119070 40880 -6370
1317 -872 -313 -400 -118790 30660 -9590
1326 -872 -297 -423 -121590 20860 -12180
1336 -870 -267 -433 -129080 12670 -14210
1346 -856 -282 -462 -141540 7630 -14490
1355 -838 -303 -473 -152670 7280 -12110
1365 -845 -332 -439 -156310 10990 -8260
1375 -860 -343 -406 -150080 15820 -4340
1384 -874 -335 -406 -135730 19670 -1190
1394 -896 -297 -406 -118020 22400 1820
1403 -901 -289 -429 -101150 23590 5180
1413 -893 -268 -453 -88200 24150 7210
1423 -870 -261 -479 -82600 24430 7070
1432 -849 -245 -504 -83790 24430 5110
1442 -834 -223 -530 -89950 24570 1470
1451 -832 -179 -538 -100310 25060 -2520
1461 -826 -182 -544 -114030 25270 -5530
1471 -819 -201 -534 -126070 26530 -7210
1480 -819 -221 -511 -132090 27580 -8120
1490 -819 -226 -500 -133490 26950 -9240
1500 -821 -211 -496 -131880 25410 -10360
1509 -834 -196 -498 -126700 23310 -10150
1519 -840 -175 -506 -116690 21490 -8260
1528 -843 -159 -518 -103110 19950 -5880
1538 -845 -152 -518 -88410 17710 -3780
1548 -843 -133 -528 -74830 14560 -3150
1557 -824 -104 -555 -64890 11340 -3990
1567 -804 -97 -582 -58940 9450 -5180
1576 -801 -106 -592 -53480 9870 -6580
1586 -801 -98 -594 -46550 11480 -8820
1596 -793 -112 -596 -40110 12810 -10360
1605 -804 -112 -604 -33810 13230 -10430
1615 -815 -80 -612 -28910 12600 -8610
1625 -813 -79 -620 -27860 11760 -5250
1634 -791 -90 -631 -29610 11060 -1960
1644 -790 -96 -626 -31220 10780 -840
1653 -806 -83 -612 -30940 10500 -2310
1663 -816 -80 -601 -29890 9030 -5530
1673 -820 -86 -587 -27580 6440 -8890
1682 -811 -111 -580 -23030 3010 -12040
1692 -818 -121 -575 -16100 -840 -14630
1701 -825 -124 -576 -7770 -4830 -15400
1711 -826 -123 -581 630 -8680 -14280
1721 -823 -112 -596 6930 -11760 -12110
1730 -820 -109 -605 9240 -13580 -10150
1740 -812 -104 -609 8260 -13230 -8750
1750 -808 -100 -612 5110 -11270 -8330
1759 -798 -98 -621 -1400 -8400 -9240
1769 -799 -81 -621 -10500 -4550 -10500
1778 -803 -91 -610 -19460 -210 -10570
1788 -798 -102 -594 -25060 3850 -10640
1798 -791 -100 -569 -26880 6370 -11480
1807 -834 -133 -438 -22750 5740 -12530
1817 -863 -160 -400 -5180 1960 -12040
1826 -869 -161 -409 11410 -2310 -8890
1836 -886 -190 -388 29120 -5670 -3920
1846 -897 -186 -426 42980 -6720 1960
1855 -878 -170 -501 49560 -3990 7210
1865 -836 -169 -571 43610 3220 10360
1875 -801 -159 -605 27440 13720 10220
1884 -795 -140 -613 7000 25060 7420
1894 -771 -151 -621 -12950 33740 2870
1903 -734 -142 -624 -28000 38430 -3010
1913 -788 -122 -619 -37940 38780 -9170
1923 -846 -133 -541 -38990 35350 -12110
1932 -833 -181 -517 -26670 29610 -10010
1942 -824 -195 -555 -8330 21910 -5600
1951 -812 -210 -596 3990 12110 -2310
1961 -791 -181 -623 12180 3220 -1680
1971 -823 -134 -629 18760 -1680 -3080
1980 -829 -138 -645 19180 -4200 -2870
1990 -797 -143 -685 15540 -3710 -1330
2000 -777 -158 -695 7910 -70 -770
2009 -806 -139 -678 -1190 5390 -910
2019 -817 -137 -654 -8330 11760 -140
2028 -811 -133 -623 -14490 15680 -490
2038 -812 -131 -594 -18340 17290 -3010
2048 -824 -126 -571 -18340 16520 -5670
2057 -832 -114 -560 -12880 13790 -6230
2067 -818 -124 -589 -2940 9800 -4410
2076 -804 -142 -613 8330 6300 -1890
2086 -799 -136 -640 16030 3780 -490
2096 -794 -137 -659 17920 1750 910
2105 -785 -125 -679 15820 350 2730
2115 -778 -109 -692 10220 -1260 4690
2125 -762 -104 -694 3010 -2520 5740
2134 -759 -96 -689 -3920 -3500 4760
2144 -762 -106 -674 -9590 -4550 2170
2153 -770 -86 -672 -11690 -5600 -910
2163 -777 -86 -670 -11340 -6790 -3010
2173 -776 -105 -666 -9730 -8120 -3920
2182 -779 -114 -652 -6720 -9660 -5040
2192 -779 -136 -643 -3220 -11760 -6090
2201 -786 -125 -643 1750 -14280 -6230
2211 -794 -88 -659 6650 -16940 -5110
2221 -780 -106 -679 7980 -19390 -2590
2230 -769 -103 -686 6790 -20300 -1120
2240 -777 -93 -677 3150 -20440 -1260
2250 -787 -93 -657 -1750 -20860 -1680
2259 -795 -102 -630 -4830 -21140 -2100
2269 -836 -128 -513 -2310 -21770 -2590
2278 -828 -148 -519 9030 -22540 -1610
2288 -806 -157 -562 14210 -21910 -630
2298 -808 -174 -580 14420 -19810 -1330
2307 -811 -172 -604 9940 -16450 -2870
2317 -815 -164 -606 3150 -12740 -3010
2326 -816 -151 -600 -3010 -9730 -2030
2336 -816 -135 -590 -6090 -8610 -1400
2346 -820 -130 -568 -5390 -9240 -1120
2355 -820 -136 -546 -1400 -11200 -1400
2365 -813 -117 -533 4830 -13580 -1750
2375 -811 -114 -539 10290 -15540 -2030
2384 -809 -125 -560 11900 -16240 -2450
2394 -809 -121 -579 9520 -15330 -3010
2403 -824 -126 -596 3500 -12600 -2940
2413 -859 -132 -588 -3850 -8400 -1960
2423 -845 -147 -572 -9870 -3640 0
2432 -827 -146 -568 -14770 490 1470
2442 -824 -144 -581 -20720 2940 1680
2451 -822 -132 -575 -25620 3920 1120
2461 -820 -120 -555 -27650 3640 280
2471 -816 -132 -538 -26390 2940 -1050
2480 -827 -132 -536 -22610 1680 -2940
2490 -816 -130 -525 -17920 -210 -4690
2500 -815 -109 -541 -12810 -2450 -6440
2509 -819 -86 -556 -9310 -4270 -8330
2519 -815 -90 -563 -8330 -4340 -9450
2528 -816 -102 -571 -9520 -2520 -9660
2538 -820 -117 -566 -12110 700 -9520
2548 -821 -140 -564 -15260 3780 -9030
2557 -825 -152 -573 -16870 5810 -8190
2567 -832 -158 -563 -16590 6020 -6930
2576 -830 -158 -583 -15050 4270 -5390
2586 -829 -150 -591 -13300 1190 -4410
2596 -829 -156 -597 -11900 -2730 -4270
2605 -824 -159 -605 -9870 -6580 -4830
2615 -826 -151 -584 -6300 -9380 -6090
2625 -827 -137 -575 -2590 -11200 -7490
2634 -826 -118 -571 -980 -11970 -9100
2644 -824 -115 -571 -1470 -11480 -10150
2653 -822 -114 -574 -3570 -9660 -10500
2663 -821 -115 -570 -7070 -7350 -10710
2673 -823 -126 -566 -10850 -5180 -10570
2682 -831 -134 -558 -12530 -3710 -10150
2692 -837 -127 -553 -11620 -3220 -9310
2701 -836 -116 -560 -9100 -3710 -7700
2711 -829 -113 -564 -6720 -4410 -5880
2721 -829 -97 -512 -3080 -5320 -4900
2730 -804 -105 -520 5460 -5880 -4550
2740 -802 -84 -556 6160 -5320 -5250
2750 -816 -86 -566 4270 -4550 -7000
2759 -826 -82 -575 840 -4060 -8400
2769 -828 -90 -573 -2590 -3080 -8120
2778 -827 -101 -574 -5670 -2030 -7280
2788 -822 -112 -582 -8050 -1540 -7210
2798 -822 -113 -585 -9590 -910 -7700
2807 -823 -110 -586 -10360 -280 -7980
2817 -825 -112 -583 -10150 0 -7910
2826 -825 -119 -577 -9030 0 -7840
2836 -828 -117 -575 -7490 -420 -7910
2846 -828 -120 -576 -6650 -910 -8050
2855 -829 -127 -574 -6090 -1470 -8120
2865 -830 -127 -573 -5810 -2310 -8400
2875 -830 -130 -576 -6930 -3150 -8960
2884 -825 -130 -576 -9450 -3150 -9520
2894 -824 -147 -572 -11900 -2100 -9590
2903 -827 -158 -560 -12880 -490 -9310
2913 -834 -156 -553 -12250 560 -9170
2923 -834 -156 -555 -11200 700 -8750
2932 -833 -152 -559 -10080 280 -8120
2942 -837 -153 -556 -9450 -140 -7350
2951 -841 -147 -552 -9030 -490 -6790
2961 -815 -166 -579 -9310 -490 -6650
2971 -821 -156 -570 -9870 280 -7070
2980 -828 -149 -568 -10570 560 -7560
2990 -837 -152 -559 -10570 -70 -7700
3000 -844 -148 -545 -8960 -2030 -6930
3009 -835 -139 -553 -5670 -4550 -5390
3019 -825 -137 -568 -3850 -6090 -4130
3028 -829 -117 -576 -3990 -5600 -4130
3038 -830 -115 -576 -6160 -3640 -4550
3048 -831 -111 -571 -8540 -840 -4690
3057 -833 -108 -568 -10290 1750 -4760
3067 -834 -109 -569 -11130 3500 -4900
3076 -829 -109 -568 -11200 4340 -4760
3086 -828 -111 -566 -11340 4550 -4550
3096 -826 -117 -560 -10920 3990 -4410
3105 -829 -107 -551 -9730 2660 -4550
3115 -828 -102 -552 -8260 910 -4410
3125 -823 -98 -557 -6370 -560 -4340
3134 -823 -90 -565 -4760 -1610 -4690
3144 -822 -92 -576 -4550 -2310 -5110
3153 -823 -92 -585 -5670 -2310 -5600
3163 -828 -89 -589 -8190 -1750 -6230
3173 -832 -94 -589 -10990 -490 -6370
3182 -834 -102 -580 -12250 1120 -6370
3192 -835 -109 -571 -11760 2310 -6440
3201 -839 -114 -569 -10360 2730 -6370
3211 -838 -111 -565 -8610 2310 -6160
3221 -836 -113 -563 -6930 1330 -5390
3230 -831 -103 -567 -5180 140 -4900
3240 -829 -99 -566 -4270 -840 -5040
3250 -828 -101 -570 -4410 -1330 -5880
3259 -825 -110 -572 -5250 -1330 -6650
3269 -826 -121 -579 -6020 -980 -6790
3278 -824 -122 -580 -6440 -560 -6510
3288 -827 -120 -579 -6930 -350 -5950
3298 -821 -120 -578 -8050 -280 -5180
3307 -819 -124 -579 -8890 140 -4410
3317 -818 -121 -576 -9380 910 -3990
3326 -814 -122 -574 -9170 1960 -3500
3336 -821 -116 -568 -8120 3010 -3220
3346 -831 -125 -539 -6720 3220 -3220
3355 -831 -123 -556 -4760 2100 -3290
3365 -823 -129 -575 -2940 980 -3080
3375 -820 -129 -568 -2520 350 -3290
3384 -824 -135 -571 -3570 350 -3430
3394 -823 -132 -575 -4830 1120 -3850
3403 -824 -135 -571 -7000 2100 -3850
3413 -828 -132 -574 -8260 2730 -3500
3423 -823 -130 -575 -8680 3150 -2800
3432 -818 -128 -570 -8330 3430 -2450
3442 -817 -123 -576 -7280 3430 -2730
3451 -820 -114 -577 -6300 3150 -2800
3461 -829 -120 -560 -5180 2660 -2170
3471 -826 -112 -574 -3710 1750 -1610
3480 -818 -108 -585 -2660 1050 -1400
3490 -818 -110 -582 -2590 910 -1610
3500 -819 -108 -582 -2590 1260 -1960
3509 -826 -102 -580 -2380 1680 -2310
3519 -820 -103 -580 -2590 1960 -2380
3528 -816 -105 -579 -2730 2450 -2170
3538 -813 -111 -578 -2800 2870 -1890
3548 -815 -107 -576 -2450 3150 -1820
3557 -819 -104 -577 -1610 3080 -1890
3567 -820 -108 -577 -980 2590 -2100
3576 -817 -109 -584 0 1820 -1960
3586 -819 -105 -585 1400 770 -1890
3596 -819 -107 -588 2520 -350 -1750
3605 -818 -102 -593 3080 -1260 -1540
3615 -821 -96 -595 3360 -1820 -1330
3625 -821 -101 -598 2800 -1820 -1190
3634 -814 -102 -600 1470 -980 -1050
3644 -817 -102 -601 70 420 -1260
3653 -822 -104 -593 -1260 1960 -1330
3663 -823 -111 -583 -1680 2870 -1120
3673 -820 -118 -580 -770 2660 -840
3682 -822 -115 -578 840 1470 -1050
3692 -824 -116 -580 2100 -350 -1120
3701 -822 -111 -581 3360 -1960 -910
3711 -818 -111 -585 4760 -3290 -910
3721 -819 -112 -589 6090 -4270 -1330
3730 -819 -107 -598 7140 -5040 -1750
3740 -811 -104 -609 6090 -4970 -2170
3750 -805 -106 -611 3080 -3290 -2310
3759 -811 -117 -600 -280 -770 -2030
3769 -817 -112 -586 -2380 910 -1750
3778 -822 -106 -575 -2520 910 -1400
3788 -820 -119 -568 -1120 -420 -1120
3798 -825 -109 -568 1330 -2590 -1540
3807 -821 -119 -575 3500 -4690 -2030
3817 -821 -119 -578 5390 -5740 -2380
3826 -820 -124 -583 6370 -6230 -2730
3836 -818 -121 -588 6370 -6160 -2940
3846 -820 -124 -591 5600 -5460 -2800
3855 -815 -127 -588 4200 -4340 -2520
3865 -820 -120 -581 2800 -3080 -2450
3875 -818 -122 -579 1260 -2170 -2310
3884 -815 -130 -574 350 -1540 -2170
3894 -816 -132 -578 70 -1260 -2240
3903 -818 -132 -575 -280 -1050 -2100
3913 -821 -120 -574 210 -910 -2170
3923 -818 -120 -578 560 -1120 -1890
3932 -822 -118 -576 980 -1400 -1750
3942 -823 -117 -576 1680 -1750 -1750
3951 -824 -117 -582 2590 -2240 -1680
3961 -825 -126 -586 3080 -2380 -1540
3971 -821 -119 -587 3220 -1890 -1820
3980 -820 -108 -590 2030 -910 -2170
3990 -818 -112 -584 -560 280 -2240
4000 -823 -115 -581 -2730 1400 -2170
4009 -823 -114 -576 -3430 2100 -1960
4019 -815 -123 -578 -3430 2100 -1680
4028 -815 -122 -578 -2590 1820 -1610
4038 -815 -121 -581 -1260 1050 -1470
4048 -816 -122 -584 -140 140 -1470
4057 -816 -115 -586 700 -840 -1680
4067 -824 -113 -587 980 -1610 -2100
4076 -825 -111 -584 630 -2240 -2170
4086 -828 -112 -579 560 -2940 -1820
4096 -824 -113 -581 1120 -3710 -1260
4105 -821 -118 -580 1610 -4410 -980
4115 -820 -115 -581 1750 -4620 -910
4125 -822 -112 -582 1610 -4270 -1050
4134 -822 -110 -580 1330 -3640 -1050
4144 -822 -109 -582 980 -2940 -1190
4153 -824 -114 -578 840 -2170 -1260
4163 -821 -128 -576 1190 -1610 -1330
4173 -820 -128 -574 1750 -1610 -1890
4182 -822 -123 -576 1820 -1890 -2380
4192 -824 -124 -573 1540 -2170 -2450
4201 -821 -127 -568 1680 -2450 -2170
4211 -820 -133 -568 1960 -3010 -2170
4221 -819 -130 -572 1890 -3290 -2590
4230 -822 -131 -570 1610 -3220 -2940
4240 -824 -125 -572 1400 -2870 -2800
4250 -822 -128 -570 1190 -2590 -2310
4259 -826 -123 -569 1190 -2310 -2100
4269 -825 -117 -568 1260 -1960 -2170
4278 -823 -119 -566 1540 -1610 -2240
4288 -826 -116 -566 1890 -1330 -2380
4298 -825 -125 -565 1820 -1260 -2520
4307 -821 -128 -570 1680 -1050 -2800
4317 -821 -132 -571 1120 -770 -3290
4326 -823 -137 -570 490 -420 -3640
4336 -827 -136 -567 490 -70 -3710
4346 -830 -127 -566 910 -350 -3290
4355 -837 -127 -565 1400 -1260 -2450
4365 -831 -127 -566 2450 -2380 -1680
4375 -826 -128 -568 3430 -3570 -1400
4384 -826 -122 -574 4200 -4130 -1260
4394 -824 -123 -578 4410 -4060 -1120
4403 -819 -127 -583 4060 -3290 -910
4413 -819 -126 -584 3010 -1960 -770
4423 -821 -130 -581 980 -280 -840
4432 -825 -129 -574 -770 1050 -1050
4442 -825 -133 -569 -1890 1820 -1050
4451 -824 -138 -564 -2030 1960 -1050
4461 -825 -132 -563 -1050 1540 -1190
4471 -831 -123 -559 0 560 -1260
4480 -825 -132 -562 560 -560 -1260
4490 -827 -124 -567 840 -1330 -1680
4500 -834 -119 -574 490 -1890 -2240
4509 -834 -114 -572 0 -1960 -2310
4519 -829 -124 -574 0 -1750 -2240
4528 -823 -125 -580 0 -1330 -2240
4538 -822 -126 -581 -140 -630 -2310
4548 -820 -132 -581 -630 140 -2380
4557 -825 -130 -574 -910 910 -2450
4567 -826 -125 -569 -840 980 -2170
4576 -825 -127 -566 -700 700 -1750
4586 -823 -125 -567 -280 70 -1890
4596 -828 -122 -569 -70 -770 -2240
4605 -826 -130 -570 -420 -1610 -2310
4615 -825 -135 -572 -560 -2030 -2520
4625 -831 -132 -571 -210 -2310 -2800
4634 -829 -129 -572 0 -2450 -2520
4644 -828 -126 -574 140 -2240 -2450
4653 -831 -112 -572 0 -1680 -2450
4663 -833 -114 -569 -490 -1190 -2100
4673 -828 -121 -564 -490 -980 -1540
4682 -822 -130 -562 210 -1050 -1190
4692 -825 -130 -564 1050 -1190 -1470
4701 -823 -129 -566 1400 -1540 -1820
4711 -823 -138 -567 1050 -1820 -2030
4721 -825 -133 -566 910 -2100 -2240
4730 -825 -131 -565 560 -2380 -2310
4740 -829 -131 -564 490 -2520 -2030
4750 -826 -134 -563 770 -2520 -1890
4759 -828 -128 -565 910 -2310 -1890
4769 -829 -130 -565 700 -2100 -1820
4778 -827 -132 -565 490 -1680 -1680
4788 -829 -131 -563 280 -1400 -1890
4798 -825 -132 -563 -70 -1330 -2240
4807 -827 -136 -565 70 -1190 -2590
4817 -830 -130 -568 280 -1190 -2730
4826 -828 -131 -568 490 -1120 -2380
4836 -822 -129 -568 140 -700 -2030
4846 -821 -130 -567 -420 140 -1960
4855 -826 -130 -562 -980 910 -2170
4865 -828 -132 -560 -1190 1120 -2240
4875 -829 -134 -562 -910 630 -2170
4884 -831 -133 -564 -280 -210 -2100
4894 -828 -137 -567 280 -1190 -1960
4903 -827 -140 -571 910 -1820 -1750
4913 -832 -129 -572 1330 -1960 -1960
4923 -832 -128 -575 700 -1890 -1890
4932 -826 -133 -573 -210 -1330 -1610
4942 -823 -132 -572 -770 -490 -1400
4951 -826 -129 -566 -1120 70 -1190
4961 -823 -128 -561 -980 210 -1050
4971 -822 -133 -561 -630 70 -980
4980 -821 -133 -561 -280 -280 -980
4990 -825 -132 -560 140 -700 -1190
5000 -828 -137 -561 140 -1050 -1120
5009 -827 -126 -570 140 -1260 -840
5019 -829 -142 -565 -140 -1190 -490
5028 -829 -131 -569 -70 -700 -490
5038 -829 -125 -569 350 -210 -560
5048 -829 -126 -569 700 140 -420
5057 -824 -128 -566 1260 210 -210
5067 -827 -128 -565 1960 -70 -70
5076 -827 -128 -564 2660 -700 -280
5086 -825 -130 -568 2870 -1400 -490
5096 -827 -126 -573 2800 -1680 -630
5105 -829 -131 -574 2240 -1680 -770
5115 -827 -135 -574 1260 -1330 -980
5125 -827 -139 -572 560 -700 -1190
5134 -830 -133 -568 350 -70 -1260
5144 -830 -134 -567 420 350 -1190
5153 -827 -128 -562 350 350 -980
5163 -829 -133 -558 350 0 -910
5173 -828 -124 -557 770 -560 -840
5182 -835 -120 -559 1400 -1470 -490
5192 -831 -135 -561 1750 -2520 0
5201 -826 -133 -568 2520 -3220 140
5211 -832 -121 -573 3430 -3780 -210
5221 -828 -128 -582 3360 -4060 -280
5230 -826 -142 -584 2590 -3640 -350
5240 -835 -135 -580 1890 -2520 -630
5250 -842 -134 -574 700 -1680 -560
5259 -840 -137 -569 -980 -1540 -350
5269 -836 -140 -564 -2240 -1540 -280
5278 -836 -140 -556 -2800 -1610 -280
5288 -836 -136 -551 -2450 -1960 -420
5298 -836 -137 -550 -1540 -2520 -420
5307 -838 -133 -549 -420 -3220 -280
5317 -833 -134 -553 420 -3640 -70
5326 -834 -126 -554 700 -3570 140
5336 -833 -128 -552 630 -3290 490
5346 -830 -129 -549 770 -2800 490
5355 -829 -127 -546 1190 -2170 350
5365 -833 -125 -547 1330 -1540 140
5375 -831 -126 -544 1680 -980 0
5384 -834 -124 -542 2030 -630 -70
5394 -833 -123 -541 2310 -560 -70
5403 -831 -128 -545 2520 -840 70
5413 -829 -126 -546 2940 -910 70
5423 -832 -124 -549 3290 -1120 -70
5432 -833 -120 -548 3220 -1680 -140
5442 -835 -121 -550 3080 -2380 -140
5451 -833 -120 -550 3500 -3150 -210
5461 -831 -119 -555 4060 -3710 -630
5471 -828 -127 -560 4340 -4200 -1190
5480 -831 -126 -567 4410 -4060 -1680
5490 -833 -132 -571 3920 -3710 -1820
5500 -831 -140 -573 3220 -2870 -1540
5509 -834 -138 -570 2660 -1820 -1120
5519 -839 -138 -561 2240 -1260 -630
5528 -840 -136 -557 1820 -1260 -210
5538 -837 -133 -561 1470 -1470 -140
5548 -838 -132 -561 1260 -1540 -630
5557 -839 -132 -567 560 -1190 -1190
5567 -843 -134 -566 -490 -420 -1540
5576 -841 -132 -568 -1330 490 -1750
5586 -843 -124 -559 -1820 1120 -1890
5596 -841 -133 -554 -2450 1330 -1820
5605 -837 -138 -547 -2240 1050 -1680
5615 -835 -133 -543 -910 490 -1610
5625 -837 -128 -544 560 -210 -1400
5634 -834 -138 -542 1470 -840 -1120
5644 -831 -138 -548 1960 -1050 -1190
5653 -837 -129 -551 1750 -910 -1400
5663 -837 -131 -557 630 -560 -1190
5673 -834 -138 -560 -770 0 -1050
5682 -835 -130 -560 -1610 560 -1330
5692 -839 -122 -558 -1890 980 -1470
5701 -837 -126 -553 -1750 980 -1260
5711 -837 -122 -549 -700 420 -980
5721 -834 -124 -549 840 -350 -1050
5730 -834 -127 -552 2310 -980 -1050
5740 -836 -132 -552 3430 -1470 -1050
5750 -836 -136 -555 3990 -1960 -980
5759 -837 -137 -552 4200 -2380 -980
5769 -836 -130 -552 4340 -2730 -1120
5778 -834 -127 -550 3990 -3010 -1330
5788 -836 -127 -553 3360 -2940 -1330
5798 -838 -125 -555 2730 -2800 -1330
5807 -834 -130 -560 1820 -2520 -1190
5817 -835 -134 -560 1400 -2170 -1190
5826 -841 -130 -555 1260 -1890 -1470
5836 -847 -128 -555 1400 -1750 -1330
5846 -841 -133 -554 1610 -1470 -770
5855 -838 -138 -556 2240 -980 -490
5865 -840 -137 -555 2240 -560 -770
5875 -837 -134 -561 1610 0 -1050
5884 -838 -134 -560 560 770 -980
5894 -839 -131 -556 -700 1470 -840
5903 -840 -128 -547 -1890 1750 -770
5913 -838 -134 -544 -2310 1400 -840
5923 -836 -136 -547 -1960 560 -1260
5932 -838 -141 -550 -1190 -280 -1750
5942 -841 -134 -551 -210 -1120 -1820
5951 -841 -137 -554 560 -1890 -1610
5961 -835 -137 -559 770 -2240 -1260
5971 -836 -134 -561 770 -1890 -1190
5980 -837 -133 -560 140 -980 -1190
5990 -840 -129 -559 -840 0 -1190
6000 -840 -131 -555 -1890 840 -1050
6009 -841 -125 -552 -2380 1330 -980
6019 -842 -129 -548 -2660 1260 -1050
6028 -841 -131 -541 -2380 700 -1120
6038 -837 -131 -540 -1190 -350 -1470
6048 -838 -131 -544 70 -1400 -1610
6057 -837 -134 -548 980 -2240 -1540
6067 -838 -133 -548 1750 -2520 -1540
6076 -833 -133 -553 1680 -2380 -1470
6086 -837 -134 -555 1050 -1890 -1470
6096 -836 -124 -558 0 -910 -1610
6105 -839 -119 -558 -1260 350 -1470
6115 -838 -129 -556 -2520 1610 -980
6125 -836 -133 -552 -2940 2310 -910
6134 -839 -131 -549 -2660 2310 -1400
6144 -843 -130 -545 -2170 1820 -1680
6153 -843 -135 -544 -1120 770 -1470
6163 -838 -139 -547 0 -350 -1190
6173 -833 -134 -548 1330 -1190 -1190
6182 -833 -131 -556 2030 -1470 -1400
6192 -836 -133 -557 1890 -1470 -1540
6201 -836 -131 -560 1190 -980 -1540
6211 -838 -130 -563 140 -280 -1470
6221 -838 -129 -561 -980 420 -1330
6230 -838 -131 -560 -1750 980 -1120
6240 -841 -130 -557 -1890 910 -1190
6250 -846 -114 -554 -1260 350 -1330
6259 -842 -121 -553 -630 -490 -1120
6269 -836 -130 -554 350 -1050 -840
6278 -831 -135 -555 1540 -1330 -1120
6288 -835 -133 -556 1960 -1260 -1750
6298 -834 -131 -556 1400 -910 -1960
6307 -835 -136 -554 210 -560 -1680
6317 -836 -134 -550 -700 -70 -1330
6326 -837 -134 -546 -1190 210 -1260
6336 -839 -135 -546 -1260 210 -1400
6346 -838 -136 -547 -770 -280 -1610
6355 -842 -128 -551 140 -910 -1680
6365 -841 -125 -555 910 -1260 -1750
6375 -836 -124 -559 1120 -1400 -1470
6384 -827 -129 -559 840 -1050 -1260
6394 -830 -122 -561 210 -280 -1190
6403 -832 -122 -558 -490 560 -1120
6413 -835 -128 -555 -1120 1190 -910
6423 -836 -131 -551 -1260 1330 -770
6432 -837 -128 -549 -840 1120 -630
6442 -841 -133 -547 -280 350 -560
6451 -842 -136 -545 490 -630 -630
6461 -842 -134 -548 1120 -1680 -840
6471 -839 -133 -548 1610 -2450 -1120
6480 -836 -134 -551 2030 -2800 -1330
6490 -839 -125 -558 2100 -2660 -1470
6500 -836 -126 -558 1330 -2100 -1260
6509 -835 -127 -559 350 -1050 -980
6519 -832 -128 -560 -420 140 -840
6528 -836 -127 -560 -1260 1050 -1050
6538 -836 -134 -560 -2100 1610 -1190
6548 -839 -137 -556 -2240 1680 -1400
6557 -841 -131 -556 -1610 1260 -1540
6567 -843 -125 -557 -910 490 -1400
6576 -840 -129 -553 -420 -280 -1050
6586 -840 -129 -550 280 -840 -1050
6596 -839 -130 -552 560 -1330 -1400
6605 -839 -129 -557 350 -1330 -1820
6615 -843 -130 -554 0 -1050 -1890
6625 -839 -132 -553 -420 -630 -1750
6634 -839 -134 -553 -630 -280 -1750
6644 -838 -129 -554 -560 70 -1610
6653 -837 -126 -553 -560 350 -1470
6663 -834 -127 -551 -980 490 -1330
6673 -837 -121 -554 -1190 560 -1260
6682 -836 -126 -552 -1400 420 -1190
6692 -835 -132 -550 -1190 280 -1190
6701 -838 -128 -551 -350 0 -1400
6711 -838 -127 -554 210 -280 -1470
6721 -836 -125 -554 280 -280 -1330
6730 -836 -128 -553 140 -140 -1400
6740 -836 -130 -549 -140 0 -1610
6750 -839 -132 -550 -210 70 -1820
6759 -838 -130 -553 -70 0 -1890
6769 -839 -123 -555 140 -280 -1750
6778 -833 -135 -559 -210 -420 -1400
6788 -832 -135 -559 -420 -210 -1470
6798 -837 -127 -559 -350 -70 -1960
6807 -842 -123 -554 -490 -280 -1890
6817 -838 -122 -556 -490 -560 -1610
6826 -838 -123 -558 -420 -770 -1330
6836 -834 -124 -558 -280 -560 -1260
6846 -831 -132 -561 70 -140 -1260
6855 -836 -126 -560 420 280 -1610
6865 -840 -127 -556 420 280 -1680
6875 -841 -129 -557 210 0 -1610
6884 -835 -139 -555 -70 -280 -1680
6894 -834 -140 -555 0 -630 -1890
6903 -834 -139 -555 350 -910 -1960
6913 -833 -133 -554 490 -1260 -1890
6923 -836 -121 -556 420 -1540 -1540
6932 -837 -119 -562 -210 -1330 -1260
6942 -833 -120 -562 -980 -770 -1120
6951 -835 -117 -557 -1540 70 -1260
6961 -839 -124 -551 -1610 700 -1540
6971 -843 -126 -550 -1050 910 -1610
6980 -842 -132 -546 -350 490 -1540
6990 -838 -142 -545 490 -280 -1470
7000 -833 -152 -548 1260 -1050 -1610
7009 -833 -147 -555 2100 -1610 -1960
7019 -836 -136 -557 2240 -1820 -1890
7028 -833 -132 -560 1470 -1610 -1680
7038 -828 -127 -563 140 -840 -1470
7048 -828 -121 -564 -1330 490 -1470
7057 -826 -118 -565 -2380 1890 -1330
7067 -831 -122 -559 -2730 2800 -980
7076 -833 -126 -557 -2100 2940 -560
7086 -836 -125 -552 -630 2240 -70
7096 -836 -128 -556 700 1120 280
7105 -840 -129 -557 1680 70 350
7115 -841 -129 -557 2100 -840 140
7125 -844 -130 -555 1750 -1400 -350
7134 -847 -133 -558 630 -1470 -1050
7144 -849 -132 -557 -490 -1190 -1540
7153 -845 -132 -556 -1330 -560 -1750
7163 -841 -130 -552 -1610 140 -1890
7173 -841 -127 -547 -1470 350 -1890
7182 -838 -130 -548 -770 140 -1890
7192 -833 -131 -546 210 -350 -1890
7201 -836 -126 -547 1260 -1050 -1750
7211 -838 -126 -552 1960 -1750 -1610
7221 -837 -126 -560 1610 -1960 -1540
7230 -835 -127 -565 910 -1260 -1540
7240 -838 -125 -564 -70 -70 -1680
7250 -840 -127 -560 -840 1120 -1680
7259 -843 -134 -556 -1190 1890 -1610
7269 -843 -138 -554 -1050 1960 -1680
7278 -844 -138 -548 -630 1330 -1680
7288 -841 -135 -547 70 280 -1750
7298 -843 -133 -550 770 -840 -1890
7307 -839 -133 -552 1330 -1750 -1960
7317 -838 -127 -556 1890 -2030 -2030
7326 -837 -123 -560 1820 -1610 -1960
7336 -834 -127 -561 1190 -630 -1750
7346 -829 -129 -560 490 630 -1610
7355 -832 -133 -555 -140 1610 -1540
7365 -834 -136 -555 -420 1960 -1540
7375 -834 -138 -552 -280 1890 -1330
7384 -834 -134 -550 350 1470 -910
7394 -836 -132 -546 1260 840 -420
7403 -836 -133 -546 2030 140 -70
7413 -836 -130 -547 2590 -420 -70
7423 -837 -131 -551 2870 -490 -210
7432 -835 -127 -553 2940 -350 -490
7442 -835 -124 -556 2870 70 -490
7451 -834 -132 -559 2240 560 -350
7461 -833 -133 -560 1750 980 -350
7471 -835 -132 -561 1680 1330 -350
7480 -835 -129 -560 1890 1540 -210
7490 -837 -127 -561 2310 1680 140
7500 -838 -126 -560 2730 1610 490
7509 -838 -126 -560 3080 1610 700
7519 -836 -129 -557 3430 1470 770
7528 -837 -125 -556 3850 1260 700
7538 -836 -129 -554 4130 1120 770
7548 -839 -134 -553 4410 770 980
7557 -842 -132 -554 5110 350 1190
7567 -840 -134 -556 5670 -210 1540
7576 -841 -131 -556 6230 -560 2030
7586 -838 -131 -555 6650 -630 2380
7596 -832 -129 -555 6930 -560 2520
7605 -834 -126 -555 7210 -490 2590
7615 -832 -126 -556 7280 -560 2520
7625 -836 -119 -558 7140 -350 2380
7634 -833 -126 -558 6860 -140 2520
7644 -832 -127 -558 6580 210 2450
7653 -836 -127 -554 5950 280 2170
7663 -840 -133 -553 5670 0 2030
7673 -844 -138 -547 6230 -420 2240
7682 -842 -135 -547 7420 -840 2730
7692 -842 -133 -549 8400 -1260 3430
7701 -843 -129 -551 9100 -1540 3990
7711 -841 -120 -552 9380 -1400 4410
7721 -843 -126 -557 8890 -1120 4690
7730 -840 -129 -556 8400 -840 4620
7740 -838 -120 -560 8330 -280 4410
7750 -841 -120 -562 8470 420 4690
7759 -840 -125 -556 8750 1260 5180
7769 -841 -124 -552 9170 1470 5460
7778 -841 -122 -552 9660 1330 5530
7788 -841 -123 -547 10080 1260 5530
7798 -843 -122 -546 10500 910 5740
7807 -843 -131 -547 11060 700 5950
7817 -842 -132 -545 11760 630 6090
7826 -839 -136 -544 12250 350 6160
7836 -843 -134 -546 12530 140 6230
7846 -842 -133 -549 12530 210 6370
7855 -844 -136 -546 12460 630 6650
7865 -842 -133 -544 12530 980 6790
7875 -841 -132 -545 12740 980 6930
7884 -839 -124 -549 13090 1050 7070
7894 -836 -127 -551 13160 1190 7280
7903 -837 -129 -549 13160 1470 7420
7913 -838 -129 -550 13510 1680 7350
7923 -839 -126 -550 13650 1750 7280
7932 -839 -131 -548 13790 1680 7560
7942 -843 -129 -544 14140 1260 7910
7951 -846 -126 -544 14560 840 8120
7961 -846 -126 -547 14980 490 8190
7971 -847 -130 -548 15330 350 8260
7980 -847 -133 -547 15960 490 8400
7990 -847 -129 -550 16380 630 8470
8000 -845 -132 -552 16520 1120 8820
8009 -848 -128 -550 16380 1750 9170
8019 -846 -134 -548 15960 2450 9310
8028 -845 -132 -547 15540 2870 9100
8038 -844 -130 -543 15330 3150 8750
8048 -846 -131 -541 15330 2730 8610
8057 -843 -131 -540 15820 2100 8820
8067 -843 -131 -540 16660 1470 8960
8076 -844 -133 -539 17360 1050 8820
8086 -842 -135 -541 17850 700 8540
8096 -844 -131 -541 18270 490 8260
8105 -846 -133 -545 18200 560 8260
8115 -844 -129 -549 17990 910 8400
8125 -842 -127 -553 17640 1330 8540
8134 -838 -131 -549 17360 1820 8610
8144 -835 -135 -551 17360 2170 8400
8153 -841 -133 -547 17360 2170 7980
8163 -840 -133 -553 17430 1890 7840
8173 -838 -136 -551 17430 1960 7770
8182 -841 -132 -553 17430 2170 7770
8192 -839 -134 -550 17500 2380 7980
8201 -838 -134 -552 17570 2520 8190
8211 -837 -132 -552 17640 2590 8190
8221 -841 -132 -555 17780 2590 8330
8230 -835 -134 -556 17920 2870 8750
8240 -831 -142 -556 17850 3290 9100
8250 -826 -142 -554 17430 3920 9310
8259 -826 -142 -553 17010 4410 9520
8269 -819 -148 -554 16660 4900 9800
8278 -816 -147 -552 16520 5390 10010
8288 -813 -153 -547 16520 5530 10080
8298 -819 -153 -542 16870 5180 10220
8307 -825 -160 -540 17430 4550 10570
8317 -829 -165 -540 18130 3850 10990
8326 -834 -164 -544 18760 3290 11410
8336 -837 -163 -551 18830 3080 11690
8346 -839 -169 -559 18550 3220 11970
8355 -837 -169 -560 18550 3990 12110
8365 -839 -160 -567 18410 4760 12320
8375 -844 -155 -562 17990 5530 12530
8384 -846 -155 -558 18060 5950 12740
8394 -853 -145 -556 18830 5740 12880
8403 -850 -146 -562 19600 5110 12880
8413 -849 -135 -560 20300 4760 12810
8423 -847 -143 -563 20790 4550 12600
8432 -840 -149 -562 21420 4480 12180
8442 -842 -131 -575 21490 4340 11410
8451 -844 -125 -578 21000 4270 10990
8461 -845 -124 -567 20440 4340 10710
8471 -846 -117 -565 20160 3920 10290
8480 -850 -112 -562 19950 3220 9800
8490 -847 -112 -561 19880 2450 9310
8500 -841 -114 -562 19950 2100 9030
8509 -837 -108 -555 19950 2310 9100
8519 -830 -101 -556 19740 2730 9100
8528 -824 -103 -563 18620 3220 9100
8538 -821 -106 -557 17010 4130 9100
8548 -821 -112 -548 15610 4970 8680
8557 -823 -115 -542 14700 4900 8120
8567 -823 -121 -541 14280 4340 7700
8576 -817 -121 -542 14350 3640 7420
8586 -814 -122 -543 14280 3080 6860
8596 -811 -123 -549 13930 2800 6370
8605 -809 -126 -557 12950 3150 5810
8615 -810 -126 -561 11690 4130 5460
8625 -810 -133 -568 10290 5460 5670
8634 -807 -136 -576 9100 6860 6090
8644 -807 -136 -586 7910 8400 6510
8653 -805 -143 -592 6580 10080 6930
8663 -806 -147 -594 5670 11550 7280
8673 -806 -154 -595 5250 12600 7560
8682 -806 -162 -596 5110 12880 7840
8692 -803 -167 -594 5460 12390 8050
8701 -804 -175 -596 6230 11270 8190
8711 -809 -174 -593 7490 9660 8400
8721 -805 -166 -600 8750 7770 8470
8730 -804 -171 -603 9660 6160 8750
8740 -803 -170 -606 10290 5180 9030
8750 -809 -166 -608 10990 4830 9240
8759 -811 -171 -608 11340 4760 9590
8769 -811 -178 -608 11480 4620 9940
8778 -816 -176 -606 11690 4130 9730
8788 -818 -170 -608 12110 3220 9380
8798 -817 -170 -602 12320 2170 9100
8807 -818 -165 -604 12320 1050 8680
8817 -820 -151 -602 11830 560 8190
8826 -816 -144 -598 10920 560 7770
8836 -816 -142 -598 9870 490 7630
8846 -815 -133 -591 9310 1190 7700
8855 -813 -122 -585 9450 1680 7980
8865 -811 -121 -581 9940 1610 8470
8875 -817 -103 -582 10570 1400 8610
8884 -818 -113 -575 11410 1120 8960
8894 -815 -115 -583 12530 840 9030
8903 -821 -114 -580 13230 770 8750
8913 -822 -109 -586 13300 980 8190
8923 -822 -112 -587 13440 1120 7980
8932 -822 -114 -585 13370 1680 8050
8942 -816 -115 -582 12880 1680 8330
8951 -821 -113 -568 12810 1260 8750
8961 -824 -114 -558 13300 70 9240
8971 -823 -118 -556 14560 -2100 9730
8980 -822 -125 -552 16170 -3990 10010
8990 -836 -140 -545 17500 -6020 9380
9000 -843 -132 -569 18900 -8470 8470
9009 -850 -133 -569 19740 -9100 7770
9019 -849 -138 -581 19390 -9310 7070
9028 -853 -129 -585 18200 -8890 6090
9038 -850 -144 -566 16310 -7840 4900
9048 -848 -126 -575 14350 -7070 3640
9057 -846 -123 -562 12950 -5950 3080
9067 -839 -110 -558 11830 -5250 3290
9076 -835 -109 -554 10010 -4690 3710
9086 -826 -104 -550 7840 -4270 3850
9096 -835 -100 -547 5950 -3920 3850
9105 -825 -104 -548 4830 -4200 4060
9115 -821 -111 -544 4760 -4620 4200
9125 -830 -117 -535 6300 -4970 3990
9134 -828 -125 -533 7910 -5670 3150
9144 -826 -130 -533 9380 -6510 2170
9153 -821 -130 -535 10220 -6720 1540
9163 -810 -137 -540 10570 -6370 1680
9173 -803 -141 -532 10220 -5250 2450
9182 -801 -140 -538 9170 -3920 3430
9192 -803 -149 -542 7490 -2380 4410
9201 -811 -154 -543 5810 -630 5040
9211 -827 -166 -546 4550 420 4900
9221 -852 -167 -525 3850 1400 3850
9230 -865 -179 -520 3150 630 2310
9240 -873 -190 -503 2870 -1190 420
9250 -876 -184 -491 3080 -4340 -1400
9259 -874 -164 -492 3990 -7840 -2450
9269 -861 -146 -515 4900 -10360 -2520
9278 -843 -128 -526 4760 -10920 -2310
9288 -823 -121 -563 3430 -9310 -2380
9298 -825 -111 -563 910 -5250 -2380
9307 -827 -102 -576 -1750 -420 -1960
9317 -841 -100 -558 -4130 3990 -1190
9326 -850 -115 -532 -5530 6440 -770
9336 -857 -128 -510 -5950 5950 -1190
9346 -853 -146 -496 -5180 3080 -1960
9355 -845 -162 -491 -3290 -1190 -2170
9365 -835 -154 -495 -420 -5110 -1890
9375 -828 -137 -507 2030 -7630 -980
9384 -827 -121 -531 3290 -8400 350
9394 -835 -121 -558 2800 -7140 1120
9403 -846 -100 -592 490 -3080 350
9413 -861 -96 -607 -3570 2800 -1190
9423 -875 -114 -586 -7630 8050 -2800
9432 -885 -128 -550 -9940 10920 -4760
9442 -882 -135 -525 -10220 10220 -6370
9451 -865 -135 -513 -8190 6790 -7000
9461 -847 -126 -515 -4690 2100 -6160
9471 -821 -109 -532 -1120 -1820 -4480
9480 -804 -96 -553 910 -3710 -2100
9490 -798 -87 -577 840 -3010 350
9500 -798 -83 -609 -700 -910 2240
9509 -816 -84 -618 -2800 3500 2870
9519 -832 -99 -608 -5880 8260 2380
9528 -844 -123 -595 -8750 11620 1120
9538 -852 -147 -575 -10220 13160 -210
9548 -850 -159 -557 -9520 12670 -1260
9557 -842 -166 -549 -7420 10080 -1750
9567 -828 -168 -545 -4690 6510 -1890
9576 -817 -165 -546 -2240 3220 -1890
9586 -808 -151 -546 -420 700 -1540
9596 -821 -150 -469 1190 -1260 -980
9605 -821 -134 -515 6510 -3570 -70
9615 -803 -133 -538 9100 -4060 1190
9625 -817 -143 -555 9240 -3150 1820
9634 -845 -134 -563 7210 -910 1820
9644 -853 -149 -561 3990 910 2380
9653 -852 -157 -569 1750 2240 3220
9663 -846 -150 -593 910 3010 3640
9673 -830 -137 -611 -560 3990 3290
9682 -814 -128 -619 -3360 5180 2170
9692 -800 -116 -630 -6580 6440 210
9701 -750 -113 -641 -9800 7560 -1960
9711 -720 -94 -656 -13230 8120 -4970
9721 -776 -70 -617 -16870 8330 -8960
9730 -826 -52 -570 -16030 7630 -10710
9740 -849 -62 -551 -8960 6300 -8330
9750 -856 -108 -555 350 4480 -4130
9759 -874 -137 -570 8190 2380 -1540
9769 -889 -154 -585 11480 -210 420
9778 -872 -176 -603 9030 -3220 2520
9788 -849 -177 -601 2380 -6230 2380
9798 -851 -159 -580 -3990 -7770 -210
9807 -853 -150 -551 -7000 -7910 -2800
9817 -851 -154 -539 -6440 -8050 -3920
9826 -844 -143 -545 -4060 -8330 -4130
9836 -839 -126 -544 -2030 -8470 -3850
9846 -834 -129 -543 -1400 -8050 -3150
9855 -833 -123 -544 -980 -7210 -2730
9865 -836 -121 -543 -1120 -6300 -2590
9875 -843 -124 -540 -1890 -5880 -2520
9884 -847 -132 -539 -2450 -6230 -2590
9894 -850 -128 -538 -2660 -6720 -2870
9903 -838 -121 -537 -2870 -6720 -3500
9913 -841 -119 -531 -2730 -5880 -4270
9923 -836 -117 -530 -2590 -4690 -4900
9932 -828 -117 -536 -2450 -3360 -5530
9942 -823 -117 -544 -2660 -2030 -5670
9951 -823 -113 -547 -2870 -630 -5180
9961 -822 -113 -546 -3010 490 -4340
9971 -825 -110 -543 -3010 1190 -3780
9980 -833 -116 -544 -2870 1330 -3640
9990 -839 -118 -546 -2660 910 -3570
10000 -849 -123 -547 -2100 630 -3500
10009 -851 -123 -552 -840 630 -3500
10019 -854 -124 -552 420 1330 -3500
10028 -851 -125 -559 420 2100 -3430
10038 -863 -123 -511 770 2590 -3430
10048 -846 -134 -530 5390 2310 -2940
10057 -834 -124 -575 5460 3220 -2170
10067 -836 -128 -583 2870 4060 -2310
10076 -836 -124 -586 -1050 4760 -3010
10086 -838 -124 -569 -3710 5320 -3290
10096 -834 -123 -564 -3990 5320 -3430
10105 -834 -128 -574 -3150 4760 -3640
10115 -830 -121 -595 -3150 4200 -3990
10125 -823 -115 -619 -5320 4690 -4620
10134 -817 -108 -639 -10080 7140 -5250
10144 -807 -107 -632 -16030 11550 -5530
10153 -801 -110 -614 -21560 16100 -5530
10163 -813 -109 -583 -24850 18900 -5810
10173 -828 -111 -560 -24640 18620 -6020
10182 -821 -120 -555 -20300 15890 -5250
10192 -813 -128 -564 -14560 11620 -4550
10201 -808 -127 -577 -9380 6440 -4760
10211 -804 -131 -582 -4690 1050 -5740
10221 -807 -126 -590 -630 -3570 -7350
10230 -828 -116 -597 1820 -6230 -9100
10240 -824 -119 -610 2030 -6020 -9170
10250 -831 -118 -609 140 -3010 -7840
10259 -832 -126 -608 -3780 1260 -6090
10269 -823 -137 -599 -8890 4900 -4270
10278 -815 -138 -583 -12950 7070 -3010
10288 -815 -136 -565 -14700 7700 -2660
10298 -814 -140 -552 -13650 7000 -2800
10307 -820 -141 -543 -9660 4830 -2940
10317 -823 -142 -551 -4340 1400 -3080
10326 -822 -135 -570 420 -2800 -3220
10336 -818 -129 -590 3640 -6440 -3360
10346 -813 -120 -608 4760 -8330 -3500
10355 -815 -111 -615 3920 -8050 -3430
10365 -818 -109 -609 1960 -6230 -2940
10375 -812 -104 -604 210 -3850 -2240
10384 -808 -114 -586 -1400 -1820 -1610
10394 -808 -115 -571 -2170 -980 -1610
10403 -819 -110 -560 -1610 -1680 -2030
10413 -818 -117 -562 -210 -3360 -2030
10423 -820 -120 -570 1750 -5250 -1820
10432 -819 -116 -575 3290 -6790 -1960
10442 -824 -113 -576 4200 -7350 -1890
10451 -830 -114 -573 5040 -7140 -1890
10461 -845 -121 -538 5180 -6370 -2380
10471 -855 -100 -566 6510 -5530 -2380
10480 -837 -110 -570 8540 -3780 -840
10490 -829 -113 -584 7840 -1470 770
10500 -824 -114 -587 5250 490 1260
10509 -818 -103 -591 1750 1960 630
10519 -816 -105 -593 -1680 3080 -210
10528 -819 -109 -593 -4200 3850 -1120
10538 -822 -110 -586 -5530 3850 -1960
10548 -823 -113 -581 -5390 3080 -2380
10557 -816 -110 -580 -4130 2100 -2450
10567 -816 -111 -581 -2590 1400 -2240
10576 -816 -112 -588 -1470 840 -2030
10586 -815 -113 -599 -1540 770 -1820
10596 -814 -115 -598 -2450 1330 -1330
10605 -820 -117 -588 -3500 2240 -770
10615 -827 -122 -576 -3780 2380 -350
10625 -827 -130 -570 -3150 1610 -350
10634 -824 -129 -575 -1610 210 -700
10644 -828 -122 -576 -140 -1330 -1120
10653 -824 -126 -586 630 -2590 -1400
10663 -823 -130 -587 770 -2870 -1890
10673 -823 -128 -580 630 -2520 -1960
10682 -828 -123 -570 630 -1960 -1260
10692 -823 -119 -569 700 -1680 -490
10701 -819 -122 -565 560 -1470 -140
10711 -818 -119 -563 0 -1890 -280
10721 -821 -120 -560 560 -2730 -420
10730 -819 -120 -560 2100 -4060 -490
10740 -823 -130 -573 3500 -5810 -840
10750 -824 -123 -584 4760 -7140 -1610
10759 -830 -121 -589 5110 -7630 -2100
10769 -829 -127 -585 4550 -7350 -2170
10778 -831 -119 -596 3850 -6650 -2310
10788 -819 -129 -603 2030 -5110 -2380
10798 -821 -118 -601 -700 -2520 -2660
10807 -828 -111 -588 -3430 -210 -2380
10817 -832 -124 -575 -5390 980 -1260
10826 -832 -132 -568 -5740 490 -630
10836 -832 -134 -559 -4970 -1120 -560
10846 -843 -134 -558 -3360 -3220 -700
10855 -840 -137 -556 -980 -5180 -280
10865 -831 -136 -558 1470 -6720 420
10875 -825 -123 -569 3150 -7560 1260
10884 -820 -120 -576 2870 -7490 1750
10894 -818 -121 -579 1330 -6650 2030
10903 -827 -117 -574 -210 -5810 1820
10913 -836 -107 -561 -840 -6370 1540
10923 -833 -117 -556 630 -8540 1260
10932 -834 -121 -562 3290 -11480 630
10942 -830 -115 -574 5880 -14490 -280
10951 -833 -119 -579 7700 -16310 -910
10961 -843 -118 -577 9170 -17500 -1050
10971 -849 -116 -575 10290 -18480 -630
10980 -857 -121 -569 11550 -19110 420
10990 -842 -124 -553 12950 -20020 1750
11000 -839 -123 -546 14070 -22540 2380
11009 -836 -122 -555 14000 -26460 2030
11019 -848 -116 -537 14980 -30660 1330
11028 -857 -122 -530 18690 -35280 560
11038 -861 -127 -529 23450 -39550 0
11048 -863 -134 -525 27370 -43190 0
11057 -868 -139 -530 30660 -46550 490
11067 -881 -138 -518 33670 -49630 840
11076 -885 -147 -536 35420 -52290 840
11086 -892 -137 -555 34580 -53060 140
11096 -881 -124 -565 29820 -50260 -490
11105 -874 -118 -555 22190 -43960 -140
11115 -876 -129 -529 13300 -36470 350
11125 -886 -141 -499 5320 -30310 140
11134 -892 -142 -465 560 -26740 -350
11144 -896 -146 -444 -700 -26180 -140
11153 -898 -157 -426 1330 -28420 700
11163 -902 -123 -413 6650 -32830 1540
11173 -894 -141 -406 12950 -38150 2520
11182 -890 -151 -412 17850 -42560 2660
11192 -893 -156 -415 21070 -45990 1400
11201 -905 -140 -424 21630 -46690 0
11211 -901 -131 -423 19180 -44520 -840
11221 -905 -133 -411 14700 -40040 -1050
11230 -905 -130 -392 10150 -34160 -1260
11240 -908 -130 -377 6090 -28420 -1190
11250 -906 -143 -364 2800 -23380 -980
11259 -912 -153 -345 980 -19530 -1050
11269 -914 -154 -333 1190 -16870 -1470
11278 -919 -153 -327 2310 -15330 -1680
11288 -920 -151 -335 3290 -13860 -1540
11298 -919 -139 -343 3080 -11550 -1330
11307 -917 -141 -357 1190 -8120 -1190
11317 -928 -142 -358 -1260 -3990 -980
11326 -931 -136 -352 -3640 0 -910
11336 -922 -136 -349 -6230 3010 -770
11346 -927 -134 -347 -7840 5460 -560
11355 -922 -139 -345 -7770 7350 -770
11365 -920 -141 -349 -6580 8190 -1330
11375 -926 -146 -361 -4760 7910 -1400
11384 -923 -151 -367 -2660 7070 -1050
11394 -921 -144 -375 -700 5740 -980
11403 -918 -143 -387 -70 4340 -1120
11413 -918 -140 -397 -420 3780 -1260
11423 -923 -136 -407 -1890 4130 -1890
11432 -928 -131 -403 -3920 5180 -2100
11442 -928 -141 -396 -5810 6300 -2100
11451 -926 -145 -398 -7140 7140 -2450
11461 -926 -152 -397 -7350 7630 -2170
11471 -928 -149 -391 -6510 7490 -1610
11480 -924 -137 -393 -4830 6230 -1470
11490 -918 -141 -397 -3150 4550 -1050
11500 -914 -144 -406 -1540 2940 -840
11509 -922 -136 -409 -210 1680 -1190
11519 -919 -128 -413 -420 1260 -1680
11528 -921 -141 -410 -1540 1680 -1610
11538 -920 -149 -406 -2660 2520 -1960
11548 -924 -145 -397 -2870 3360 -2660
11557 -923 -138 -399 -2870 3640 -2870
11567 -917 -144 -401 -2590 3780 -2380
11576 -912 -144 -403 -1890 4060 -1750
11586 -910 -143 -400 -1190 4200 -1400
11596 -909 -144 -398 -910 4060 -1120
11605 -912 -143 -401 -840 3570 -840
11615 -912 -144 -403 -770 3150 -490
11625 -917 -137 -404 -840 3080 -210
11634 -919 -133 -412 -1400 2940 -140
11644 -920 -129 -417 -2590 3150 -490
11653 -921 -133 -418 -3920 3780 -770
11663 -920 -142 -417 -4970 4550 -1260
11673 -925 -133 -409 -4900 4970 -1750
11682 -922 -135 -408 -4200 4760 -1680
11692 -912 -145 -410 -3360 4270 -1540
11701 -912 -144 -410 -2100 3640 -1680
11711 -914 -145 -409 -700 2800 -1890
11721 -915 -142 -406 560 1750 -1610
11730 -912 -145 -414 1470 770 -1330
11740 -913 -146 -422 1750 140 -1400
11750 -916 -137 -426 1400 70 -1540
11759 -918 -137 -427 280 420 -1400
11769 -918 -138 -421 -840 840 -1260
11778 -915 -138 -420 -1330 1120 -1190
11788 -913 -135 -416 -1050 1120 -1190
11798 -915 -133 -411 -420 840 -1470
11807 -915 -137 -411 210 280 -1750
11817 -916 -143 -410 840 -490 -2030
11826 -914 -143 -409 1610 -1260 -2030
11836 -916 -138 -412 2310 -1680 -1750
11846 -909 -143 -416 2450 -1610 -1470
11855 -914 -143 -413 2450 -1050 -1260
11865 -915 -137 -406 2730 -420 -910
11875 -914 -139 -406 2800 -70 -560
11884 -912 -134 -410 2310 280 -560
11894 -910 -133 -416 1470 910 -630
11903 -912 -134 -412 560 1750 -770
11913 -914 -140 -409 -280 2450 -1120
11923 -914 -143 -404 -420 2660 -1400
11932 -913 -145 -404 350 2380 -1470
11942 -910 -147 -407 1330 1960 -1470
11951 -906 -150 -411 2310 1610 -1470
11961 -906 -147 -422 2800 1540 -1400
11971 -910 -138 -427 2870 2030 -1050
11980 -909 -130 -429 2380 2590 -490
11990 -915 -127 -428 1400 2730 -280
12000 -915 -132 -431 140 2590 -490
12009 -915 -131 -436 -910 2590 -1050
12019 -919 -132 -437 -2170 2660 -1400
12028 -918 -140 -434 -3010 2870 -1470
12038 -916 -145 -434 -3150 2800 -1680
12048 -916 -134 -436 -2520 2310 -1750
12057 -915 -144 -428 -1960 1820 -1260
12067 -914 -144 -426 -1470 1050 -770
12076 -910 -137 -426 -350 70 -700
12086 -913 -136 -428 280 -770 -700
12096 -911 -138 -423 350 -1190 -840
12105 -915 -134 -418 140 -1330 -1260
12115 -913 -134 -416 -280 -1330 -1540
12125 -910 -143 -413 -630 -1050 -1610
12134 -910 -142 -410 -140 -910 -1680
12144 -909 -144 -409 560 -1050 -1750
12153 -906 -142 -408 1330 -1540 -1680
12163 -906 -142 -409 2240 -1960 -1470
12173 -909 -144 -404 3220 -2310 -1260
12182 -910 -141 -403 4480 -2450 -1190
12192 -913 -137 -401 5600 -2800 -1260
12201 -903 -155 -404 5880 -3360 -1190
12211 -916 -127 -421 6160 -3500 -1680
12221 -913 -129 -419 6440 -3290 -1330
12230 -907 -137 -420 6300 -3010 -770
12240 -910 -136 -425 5950 -2450 -1260
12250 -912 -126 -427 4620 -1680 -1890
12259 -909 -137 -439 2030 -210 -1820
12269 -905 -141 -435 -770 2380 -1470
12278 -912 -139 -422 -2940 4620 -1190
12288 -915 -135 -412 -3850 5740 -700
12298 -915 -136 -409 -3430 5600 -350
12307 -913 -134 -412 -2380 4620 -140
12317 -914 -142 -415 -1330 3430 -420
12326 -909 -145 -418 -490 2310 -1120
12336 -917 -151 -426 0 1330 -1820
12346 -914 -148 -428 70 700 -2380
12355 -909 -145 -434 -210 490 -2380
12365 -906 -144 -435 -770 560 -2100
12375 -909 -140 -434 -1330 840 -1750
12384 -906 -136 -431 -1400 980 -1330
12394 -912 -133 -431 -980 770 -910
12403 -910 -145 -429 -630 210 -770
12413 -913 -148 -425 -70 -490 -980
12423 -911 -147 -422 1050 -1330 -1120
12432 -915 -149 -424 2030 -2170 -1190
12442 -912 -144 -429 2520 -2660 -1330
12451 -913 -136 -427 2100 -2660 -1400
12461 -913 -144 -426 1190 -2450 -1050
12471 -909 -138 -432 420 -1680 -980
12480 -912 -136 -425 -910 -1050 -980
12490 -915 -137 -419 -1610 -490 -700
12500 -913 -138 -416 -1330 -560 -350
12509 -916 -135 -418 -490 -1190 -70
12519 -912 -135 -419 560 -2100 70
12528 -915 -135 -419 1260 -2800 -140
12538 -913 -135 -419 1960 -3150 -490
12548 -909 -139 -422 2100 -3080 -840
12557 -910 -136 -422 1610 -2450 -1190
12567 -912 -129 -419 700 -1470 -1540
12576 -913 -131 -413 -280 -560 -1610
12586 -911 -141 -411 -1190 -70 -1610
12596 -912 -141 -411 -1330 140 -1610
12605 -909 -140 -416 -1190 210 -1540
12615 -908 -144 -417 -840 210 -1470
12625 -908 -146 -418 -560 140 -1610
12634 -915 -138 -415 -70 0 -1750
12644 -914 -135 -421 210 -280 -1750
12653 -910 -136 -425 210 -490 -1470
12663 -909 -137 -428 70 -210 -1400
12673 -910 -138 -427 -280 70 -1680
12682 -915 -139 -426 -770 140 -1750
12692 -915 -140 -432 -840 -70 -1680
12701 -912 -144 -428 -700 -210 -1330
12711 -913 -142 -425 -280 -490 -1190
12721 -912 -142 -420 560 -1190 -910
12730 -914 -140 -419 1610 -2170 -490
12740 -914 -140 -419 2450 -3080 -140
12750 -912 -142 -422 2940 -3640 -210
12759 -913 -138 -421 2940 -3710 -420
12769 -911 -138 -423 2590 -3570 -700
12778 -916 -124 -424 1680 -3220 -1050
12788 -915 -126 -419 630 -2520 -910
12798 -908 -128 -413 -140 -1540 -700
12807 -907 -134 -410 -560 -770 -840
12817 -915 -134 -408 -910 -70 -1050
12826 -910 -146 -406 -700 490 -1120
12836 -913 -146 -403 -210 630 -1190
12846 -913 -145 -405 280 420 -1260
12855 -911 -144 -407 630 140 -1260
12865 -907 -145 -416 630 0 -1610
12875 -911 -136 -424 140 210 -1960
12884 -910 -129 -428 -770 980 -2030
12894 -908 -131 -424 -1540 2240 -1890
12903 -911 -133 -417 -2170 3150 -1750
12913 -912 -134 -414 -2170 3290 -1540
12923 -916 -135 -416 -1750 2730 -1400
12932 -919 -137 -416 -1050 1820 -1260
12942 -918 -148 -417 -70 630 -1120
12951 -917 -145 -417 980 -560 -1260
12961 -913 -138 -421 1890 -1330 -1330
12971 -915 -134 -423 1820 -1610 -1260
12980 -913 -137 -423 1050 -1400 -1470
12990 -912 -136 -425 0 -910 -1820
13000 -911 -138 -424 -700 -420 -2030
13009 -912 -140 -424 -910 -70 -1960
13019 -914 -138 -424 -560 -210 -1680
13028 -910 -142 -425 0 -630 -1330
13038 -908 -144 -423 350 -1050 -1190
13048 -910 -136 -423 420 -1610 -1260
13057 -913 -136 -421 70 -1960 -1190
13067 -912 -140 -422 -280 -1960 -1260
13076 -911 -137 -420 -490 -1750 -1470
13086 -913 -138 -419 -560 -1260 -1680
13096 -917 -136 -411 -420 -980 -1890
13105 -915 -139 -409 0 -1120 -2030
13115 -912 -140 -412 700 -1470 -2310
13125 -914 -139 -413 1050 -1750 -2450
13134 -914 -131 -413 1050 -1890 -2170
13144 -908 -138 -414 560 -1680 -1890
13153 -907 -141 -414 -140 -980 -1960
13163 -914 -136 -414 -770 -70 -2240
13173 -915 -138 -414 -1120 770 -2450
13182 -913 -135 -412 -1120 1400 -2310
13192 -911 -133 -417 -910 1680 -2100
13201 -914 -135 -418 -770 1610 -2100
13211 -912 -137 -420 -840 1120 -2240
13221 -915 -138 -422 -700 420 -2310
13230 -916 -137 -423 -560 -210 -2240
13240 -908 -143 -424 -560 -560 -2170
13250 -912 -144 -425 -280 -910 -2380
13259 -914 -140 -427 140 -840 -2660
13269 -916 -136 -420 210 -770 -2660
13278 -911 -141 -421 -140 -770 -2450
13288 -913 -143 -420 -420 -910 -2380
13298 -914 -138 -417 -420 -1190 -2450
13307 -914 -136 -419 -70 -1610 -2100
13317 -911 -136 -421 420 -1960 -1890
13326 -911 -132 -420 630 -1960 -2170
13336 -911 -137 -420 350 -1750 -2520
13346 -910 -142 -416 0 -1400 -2660
13355 -910 -148 -414 -70 -1120 -2800
13365 -911 -145 -414 210 -1050 -2730
13375 -913 -140 -417 420 -1050 -2310
13384 -911 -141 -416 420 -980 -1680
13394 -909 -142 -416 280 -840 -1610
13403 -913 -139 -416 70 -420 -1960
13413 -912 -145 -415 -70 140 -2100
13423 -912 -143 -412 0 490 -2240
13432 -914 -137 -415 70 490 -2310
13442 -912 -136 -420 -140 280 -2310
13451 -907 -141 -415 -280 280 -2030
13461 -909 -140 -416 70 420 -2030
13471 -907 -139 -416 280 560 -2240
13480 -913 -139 -420 280 770 -2100
13490 -912 -142 -421 280 1050 -1680
13500 -909 -142 -422 0 1260 -1540
13509 -911 -143 -422 -700 1680 -1680
13519 -915 -147 -423 -1470 2240 -1890
13528 -916 -141 -426 -2240 2730 -2100
13538 -913 -139 -429 -2800 3080 -2170
13548 -909 -147 -428 -3220 3220 -1960
13557 -910 -139 -425 -2870 3080 -1750
13567 -912 -136 -420 -2240 2310 -1750
13576 -909 -138 -421 -1400 980 -1610
13586 -907 -139 -420 -280 -350 -1540
13596 -911 -140 -424 630 -1400 -1750
13605 -914 -141 -424 980 -1960 -1960
13615 -910 -140 -421 910 -1960 -1820
13625 -909 -142 -423 420 -1680 -1680
13634 -907 -140 -424 -420 -1190 -1750
13644 -908 -143 -423 -1400 -560 -1960
13653 -909 -142 -420 -2030 280 -2170
13663 -910 -142 -416 -2170 770 -2310
13673 -910 -147 -414 -1750 910 -2450
13682 -909 -146 -411 -700 630 -2660
13692 -908 -144 -416 350 0 -2660
13701 -908 -147 -418 840 -560 -2520
13711 -908 -144 -422 910 -840 -2310
13721 -911 -142 -427 420 -840 -2240
13730 -912 -142 -427 -70 -490 -1960
13740 -910 -140 -426 -280 -210 -1750
13750 -909 -135 -420 -70 -280 -1750
13759 -910 -139 -421 0 -770 -1820
13769 -910 -146 -420 280 -1190 -2170
13778 -915 -139 -422 840 -1540 -2590
13788 -912 -142 -422 1050 -1750 -2520
13798 -911 -150 -423 980 -1540 -2100
13807 -904 -151 -424 910 -910 -2030
13817 -909 -144 -421 560 -140 -2170
13826 -904 -147 -424 0 630 -2030
13836 -909 -138 -419 -420 1260 -2030
13846 -910 -139 -416 -1050 1470 -2030
13855 -911 -139 -417 -1260 1470 -2030
13865 -908 -141 -417 -1120 1260 -2240
13875 -909 -143 -418 -630 700 -2450
13884 -913 -145 -419 -70 -210 -2520
13894 -911 -145 -421 840 -980 -2450
13903 -909 -143 -427 1540 -1400 -2240
13913 -906 -144 -431 1330 -1400 -2310
13923 -907 -140 -435 490 -700 -2450
13932 -908 -140 -429 -420 140 -2380
13942 -908 -141 -428 -1330 700 -2380
13951 -911 -148 -424 -1750 840 -2380
13961 -914 -143 -422 -1330 490 -2450
13971 -912 -149 -421 -700 -280 -2520
13980 -911 -150 -423 140 -910 -2520
13990 -913 -145 -424 910 -1470 -2590
14000 -908 -153 -425 980 -1750 -2450
14009 -908 -148 -429 770 -1610 -2310
14019 -908 -143 -426 350 -1260 -2100
14028 -907 -145 -424 -280 -700 -1610
14038 -905 -142 -425 -490 -210 -1400
14048 -908 -141 -421 -560 -70 -1610
14057 -908 -143 -419 -490 -210 -1680
14067 -906 -146 -419 -70 -560 -1750
14076 -902 -146 -419 420 -1050 -2030
14086 -909 -145 -422 700 -1400 -2310
14096 -903 -148 -429 420 -1330 -2450
14105 -905 -147 -425 -140 -490 -2240
14115 -903 -149 -423 -840 420 -2170
14125 -907 -151 -418 -1470 910 -2030
14134 -908 -155 -417 -1470 980 -1890
14144 -910 -149 -420 -910 770 -1750
14153 -913 -143 -419 -140 210 -1540
14163 -907 -145 -428 420 -350 -1050
14173 -906 -136 -429 840 -770 -770
14182 -907 -136 -429 770 -1050 -700
14192 -906 -143 -428 420 -910 -700
14201 -908 -142 -424 210 -560 -910
14211 -913 -141 -422 70 -210 -1120
14221 -908 -151 -424 -280 -70 -1330
14230 -908 -150 -424 -280 280 -1610
14240 -909 -154 -421 -210 420 -1680
14250 -907 -148 -419 -70 350 -1540
14259 -904 -147 -420 -70 140 -1330
14269 -904 -148 -422 -420 140 -1260
14278 -908 -146 -424 -700 140 -1470
14288 -909 -144 -424 -840 70 -1610
14298 -907 -145 -428 -560 0 -1610
14307 -910 -141 -431 -210 -70 -1470
14317 -912 -138 -430 -70 -210 -1540
14326 -911 -145 -428 0 -420 -1540
14336 -909 -150 -424 350 -700 -1680
14346 -913 -144 -419 840 -1120 -1890
14355 -911 -151 -421 1120 -1400 -1890
14365 -908 -160 -422 1260 -1470 -1960
14375 -909 -150 -423 980 -1120 -2240
14384 -909 -149 -424 -70 -560 -2310
14394 -910 -143 -425 -980 70 -2170
14403 -905 -141 -426 -1610 770 -2170
14413 -908 -143 -424 -2100 1470 -1960
14423 -909 -143 -418 -1960 1890 -1750
14432 -907 -139 -416 -1400 1750 -1260
14442 -908 -143 -421 -700 1120 -980
14451 -905 -144 -421 -420 630 -910
14461 -909 -153 -423 -350 420 -1050
14471 -911 -151 -423 -210 420 -1260
14480 -909 -147 -425 -140 420 -1330
14490 -910 -141 -429 -490 630 -1400
14500 -907 -146 -430 -1330 1120 -1260
14509 -909 -149 -430 -2100 1890 -1260
14519 -908 -143 -427 -2590 2240 -1260
14528 -906 -142 -423 -2870 2170 -980
14538 -904 -142 -425 -2590 1750 -770
14548 -906 -141 -424 -2030 1260 -910
14557 -905 -148 -429 -1540 700 -1260
14567 -906 -154 -430 -840 420 -1540
14576 -906 -152 -437 -280 350 -1470
14586 -904 -146 -439 -140 420 -1120
14596 -903 -141 -440 -630 770 -770
14605 -904 -137 -438 -1400 1050 -560
14615 -903 -139 -433 -2170 1400 -560
14625 -908 -138 -424 -2170 1260 -490
14634 -911 -137 -425 -1470 630 -490
14644 -907 -146 -423 -490 -280 -490
14653 -911 -153 -424 490 -1120 -770
14663 -907 -153 -429 1260 -1610 -1260
14673 -906 -153 -434 1260 -1470 -1540
14682 -909 -142 -434 630 -770 -1470
14692 -905 -143 -432 -420 0 -1330
14701 -902 -144 -430 -1260 490 -1260
14711 -904 -139 -427 -1330 630 -1190
14721 -907 -136 -423 -700 280 -980
14730 -906 -139 -425 280 -630 -840
14740 -904 -139 -427 1330 -1400 -840
14750 -901 -143 -431 1750 -1820 -1120
14759 -909 -147 -429 1540 -1890 -1470
14769 -912 -147 -429 1120 -1890 -1610
14778 -907 -146 -437 770 -1540 -1400
14788 -906 -141 -440 140 -630 -1050
14798 -902 -137 -439 -490 630 -840
14807 -900 -134 -434 -1190 1610 -770
14817 -904 -134 -428 -1610 1820 -770
14826 -906 -137 -425 -1540 1470 -700
14836 -907 -140 -425 -980 840 -630
14846 -908 -143 -425 -420 70 -700
14855 -911 -145 -425 70 -560 -910
14865 -909 -146 -424 420 -980 -770
14875 -908 -144 -426 630 -1190 -910
14884 -906 -141 -425 700 -1190 -1120
14894 -907 -141 -430 420 -770 -1190
14903 -906 -135 -430 -70 -210 -1260
14913 -906 -137 -429 -560 280 -1260
14923 -906 -146 -431 -1050 770 -1260
14932 -910 -136 -434 -1330 1190 -1400
14942 -911 -137 -430 -1470 1400 -1190
14951 -906 -144 -433 -1330 1330 -770
14961 -901 -147 -433 -840 910 -840
14971 -910 -143 -434 -280 280 -1120
14980 -911 -136 -432 280 -560 -1120
14990 -908 -141 -431 560 -1400 -840
15000 -906 -145 -430 770 -2030 -980
15009 -907 -145 -430 700 -2100 -1260
15019 -909 -148 -431 490 -1890 -1400
15028 -907 -142 -429 350 -1540 -1260
15038 -905 -141 -431 -70 -1120 -1190
15048 -903 -138 -431 -490 -560 -1190
15057 -907 -136 -427 -770 140 -1120
15067 -906 -133 -428 -840 630 -1190
15076 -902 -139 -429 -980 840 -1120
15086 -903 -145 -428 -770 700 -1120
15096 -905 -144 -429 0 280 -1120
15105 -906 -137 -429 630 -350 -910
15115 -903 -139 -432 910 -910 -700
15125 -903 -137 -433 910 -1120 -840
15134 -907 -137 -431 700 -1120 -980
15144 -907 -137 -431 420 -910 -1050
15153 -906 -143 -432 210 -560 -1120
15163 -909 -139 -432 -70 -210 -1400
15173 -907 -136 -433 -630 210 -1610
15182 -906 -144 -430 -1260 630 -1680
15192 -907 -146 -429 -1260 630 -1750
15201 -906 -143 -431 -630 280 -1610
15211 -907 -138 -431 70 -420 -1260
15221 -906 -138 -434 700 -1120 -910
15230 -903 -139 -433 1190 -1610 -840
15240 -906 -135 -432 1330 -1820 -980
15250 -907 -135 -434 1120 -1750 -980
15259 -909 -134 -436 630 -1540 -910
15269 -907 -137 -435 -280 -980 -980
15278 -912 -137 -430 -1050 -420 -1260
15288 -911 -139 -426 -1190 -70 -1400
15298 -909 -141 -427 -980 70 -1540
15307 -904 -142 -427 -560 70 -1820
15317 -904 -141 -429 -210 -210 -1890
15326 -903 -141 -432 -140 -490 -1680
15336 -902 -144 -432 -70 -770 -1610
15346 -907 -137 -432 0 -910 -1540
15355 -904 -135 -434 -70 -980 -1400
15365 -904 -137 -437 -350 -910 -1120
15375 -904 -140 -436 -700 -630 -1050
15384 -907 -140 -435 -910 -420 -1120
15394 -910 -138 -432 -980 -210 -1330
15403 -911 -144 -433 -910 -210 -1260
15413 -908 -138 -430 -420 -210 -1190
15423 -907 -138 -431 140 -490 -1260
15432 -905 -136 -431 420 -700 -1260
15442 -901 -133 -431 350 -840 -1260
15451 -902 -134 -432 210 -630 -1190
15461 -904 -135 -429 210 -280 -1120
15471 -902 -141 -429 210 -70 -980
15480 -906 -142 -430 350 -140 -910
15490 -908 -136 -430 630 -420 -770
15500 -909 -131 -431 840 -840 -490
15509 -907 -134 -429 700 -1260 -280
15519 -906 -138 -427 420 -1470 -420
15528 -913 -133 -426 350 -1540 -910
15538 -911 -137 -428 210 -1400 -1190
15548 -908 -142 -426 70 -910 -1260
15557 -907 -137 -424 280 -350 -1540
15567 -905 -134 -425 210 210 -1680
15576 -902 -139 -428 -70 700 -1680
15586 -903 -140 -427 -490 1190 -1610
15596 -908 -129 -431 -700 1330 -1400
15605 -904 -136 -432 -1120 1120 -980
15615 -900 -144 -431 -1120 1050 -840
15625 -908 -136 -432 -630 840 -1260
15634 -912 -135 -435 -280 350 -1540
15644 -913 -138 -436 -140 -140 -1470
15653 -908 -139 -438 -70 -420 -1470
15663 -910 -140 -436 -350 -490 -1610
15673 -909 -140 -434 -560 -560 -1680
15682 -907 -142 -434 -560 -700 -1680
15692 -908 -139 -436 -350 -560 -1610
15701 -908 -136 -433 -140 -350 -1540
15711 -909 -137 -431 -350 -70 -1330
15721 -908 -132 -426 -280 0 -1260
15730 -909 -129 -420 -70 -210 -1190
15740 -903 -142 -427 0 -770 -1190
15750 -904 -138 -429 630 -910 -1330
15759 -905 -136 -431 840 -980 -1750
15769 -908 -135 -431 420 -910 -1820
15778 -903 -140 -431 -70 -700 -1680
15788 -905 -135 -430 -280 -280 -1820
15798 -908 -126 -433 -140 0 -2030
15807 -904 -134 -432 -210 210 -1750
15817 -903 -137 -435 -280 420 -1470
15826 -906 -136 -434 -210 490 -1470
15836 -907 -137 -433 -350 420 -1470
15846 -908 -142 -434 -420 70 -1470
15855 -908 -143 -435 -280 -280 -1750
15865 -906 -136 -436 -70 -770 -1960
15875 -906 -139 -436 140 -1120 -1960
15884 -906 -139 -434 280 -1260 -1890
15894 -906 -136 -434 420 -1260 -1960
15903 -907 -135 -433 350 -1120 -1890
15913 -906 -138 -432 140 -910 -1680
15923 -905 -132 -430 140 -770 -1540
15932 -907 -137 -429 -70 -700 -1330
15942 -905 -142 -431 -140 -490 -1400
15951 -903 -140 -427 70 -280 -1610
15961 -906 -139 -429 70 -140 -1610
15971 -907 -134 -431 -70 -70 -1470
15980 -902 -133 -433 -350 -70 -1470
15990 -903 -137 -433 -560 70 -1540
16000 -908 -138 -428 -560 140 -1680
16009 -908 -140 -427 -350 -140 -1820
16019 -909 -142 -428 70 -490 -1820
16028 -905 -149 -429 490 -840 -1890
16038 -905 -142 -433 840 -980 -1890
16048 -907 -134 -434 910 -840 -1890
16057 -907 -134 -439 350 -700 -1680
16067 -904 -131 -440 -560 -420 -1540
16076 -902 -128 -437 -1120 0 -1540
16086 -903 -127 -429 -1260 210 -1470
16096 -907 -132 -427 -770 -70 -980
16105 -904 -131 -429 560 -140 -770
16115 -904 -136 -428 1400 -350 -630
16125 -905 -138 -430 1260 -490 -700
16134 -908 -138 -428 770 -350 -840
16144 -908 -140 -426 140 -70 -910
16153 -906 -143 -428 -490 70 -1120
16163 -907 -140 -430 -700 70 -1470
16173 -905 -141 -433 -630 -70 -1680
16182 -906 -134 -436 -210 -70 -1750
16192 -903 -130 -440 -140 -210 -1540
16201 -906 -133 -440 -420 -210 -1260
16211 -904 -137 -439 -630 -70 -1120
16221 -907 -140 -437 -700 -70 -1120
16230 -907 -138 -437 -350 -350 -910
16240 -908 -135 -438 -70 -560 -770
16250 -906 -138 -437 -140 -840 -840
16259 -908 -140 -434 -280 -1050 -1120
16269 -909 -134 -427 -210 -1400 -1470
16278 -909 -139 -426 -70 -1680 -1540
16288 -907 -141 -424 280 -1750 -1610
16298 -908 -137 -424 490 -1820 -1820
16307 -908 -139 -426 350 -1610 -1960
16317 -908 -141 -428 70 -1050 -1890
16326 -904 -137 -430 -210 -560 -1960
16336 -902 -135 -431 -560 0 -2030
16346 -902 -135 -432 -630 560 -2030
16355 -906 -134 -433 -490 980 -2030
16365 -905 -135 -433 -490 980 -1890
16375 -905 -133 -433 -280 770 -1960
16384 -906 -134 -438 -140 350 -2030
16394 -909 -140 -437 -70 -70 -1960
16403 -911 -136 -437 70 -420 -1960
16413 -910 -135 -433 70 -1050 -2030
16423 -917 -132 -426 420 -1540 -2240
16432 -923 -132 -423 1610 -1750 -2030
16442 -910 -136 -426 3220 -1610 -1540
16451 -908 -140 -435 3640 -1120 -1400
16461 -904 -141 -444 1680 -700 -1820
16471 -906 -147 -445 -1890 -840 -1960
16480 -901 -144 -442 -4270 -700 -1750
16490 -879 -141 -444 -5180 -350 -2100
16500 -880 -127 -445 -5460 -140 -3010
16509 -915 -127 -434 -5110 -210 -3990
16519 -922 -127 -418 -2590 -630 -3430
16528 -923 -129 -413 1470 -770 -2170
16538 -923 -129 -422 4200 -840 -1750
16548 -917 -138 -429 4480 -490 -2030
16557 -908 -145 -426 2870 560 -2660
16567 -908 -152 -421 700 1400 -3360
16576 -902 -157 -418 -1330 1470 -3570
16586 -899 -155 -424 -2310 840 -3220
16596 -890 -155 -425 -2380 -70 -2590
16605 -891 -142 -429 -1680 -420 -2310
16615 -902 -130 -432 -700 -140 -2240
16625 -909 -128 -435 -350 490 -2100
16634 -910 -132 -442 -840 980 -2100
16644 -913 -138 -442 -1610 980 -2030
16653 -916 -143 -443 -1820 560 -2100
16663 -912 -143 -439 -1330 -140 -2310
16673 -909 -148 -434 -280 -980 -2520
16682 -908 -142 -436 980 -1750 -2590
16692 -903 -140 -440 1820 -2100 -2520
16701 -903 -135 -439 1540 -1750 -2450
16711 -903 -137 -437 490 -1190 -2240
16721 -904 -138 -439 -980 -840 -1960
16730 -903 -141 -439 -2030 -840 -1750
16740 -904 -141 -432 -2100 -980 -1680
16750 -905 -149 -428 -1330 -1680 -1680
16759 -905 -146 -425 140 -2450 -1750
16769 -905 -140 -426 1680 -3150 -1610
16778 -903 -137 -432 2520 -3430 -1400
16788 -905 -128 -428 2100 -3080 -1260
16798 -906 -132 -426 630 -2380 -1400
16807 -904 -136 -423 -770 -1260 -1750
16817 -908 -137 -417 -1400 -350 -2100
16826 -905 -140 -421 -1260 140 -2380
16836 -907 -141 -426 -630 70 -2520
16846 -904 -141 -431 0 -210 -2450
16855 -903 -142 -431 420 -630 -2310
16865 -906 -144 -433 490 -1120 -2170
16875 -904 -144 -436 350 -1470 -2240
16884 -906 -147 -440 140 -1540 -2170
16894 -906 -146 -442 0 -1330 -2100
16903 -906 -144 -438 -140 -910 -1960
16913 -907 -139 -437 -140 -700 -1820
16923 -907 -138 -434 -140 -770 -1820
16932 -905 -140 -431 -210 -980 -1820
16942 -910 -139 -422 0 -1470 -2030
16951 -911 -143 -420 280 -2100 -2100
16961 -911 -147 -422 700 -2730 -2170
16971 -908 -153 -427 1190 -3010 -2520
16980 -908 -151 -428 1470 -2730 -2590
16990 -907 -145 -430 1400 -2030 -2240
17000 -903 -140 -433 840 -1120 -1890
17009 -901 -131 -432 -140 -70 -1820
17019 -904 -133 -424 -1120 700 -1750
17028 -906 -137 -420 -1400 1050 -1750
17038 -904 -143 -418 -1120 770 -1960
17048 -906 -146 -423 -280 70 -2240
17057 -907 -146 -425 560 -700 -2450
17067 -907 -146 -429 1050 -1400 -2520
17076 -908 -143 -432 1050 -1680 -2450
17086 -905 -140 -433 490 -1470 -2450
17096 -907 -142 -431 -140 -980 -2450
17105 -911 -143 -428 -420 -560 -2520
17115 -912 -146 -420 -420 -770 -2520
17125 -911 -143 -427 -70 -1400 -2380
17134 -908 -143 -430 420 -1890 -2310
17144 -906 -146 -434 770 -1960 -2310
17153 -907 -141 -436 630 -1610 -2380
17163 -907 -144 -436 -70 -980 -2170
17173 -905 -144 -431 -560 -350 -2100
17182 -905 -139 -427 -840 -140 -2100
17192 -910 -145 -425 -840 -280 -1890
17201 -910 -148 -423 -350 -700 -1820
17211 -906 -146 -423 350 -1050 -1960
17221 -910 -148 -423 770 -1330 -2380
17230 -909 -145 -425 910 -1540 -2590
17240 -906 -148 -424 770 -1540 -2520
17250 -905 -144 -425 770 -1330 -2240
17259 -903 -138 -425 630 -980 -2170
17269 -901 -140 -425 70 -700 -2100
17278 -902 -142 -425 -560 -350 -2030
17288 -904 -144 -423 -840 -280 -2240
17298 -906 -150 -422 -980 -350 -2380
17307 -909 -147 -424 -630 -490 -2450
17317 -910 -152 -426 0 -770 -2590
17326 -910 -153 -429 630 -980 -2520
17336 -915 -136 -433 980 -1050 -2450
17346 -907 -137 -437 910 -910 -2030
17355 -900 -144 -436 350 -280 -1680
17365 -903 -148 -430 -70 280 -1610
17375 -910 -149 -423 -210 350 -1680
17384 -906 -148 -421 -210 0 -1540
17394 -906 -151 -424 140 -560 -1400
17403 -906 -150 -424 420 -910 -1540
17413 -908 -151 -424 420 -1050 -1750
17423 -906 -149 -424 280 -1190 -1960
17432 -905 -148 -425 140 -1330 -2100
17442 -902 -145 -428 70 -1120 -2100
17451 -904 -143 -425 -70 -770 -2100
17461 -907 -146 -425 -140 -490 -2100
17471 -905 -149 -427 -420 -280 -2170
17480 -906 -148 -428 -560 -140 -2240
17490 -909 -145 -429 -700 0 -2100
17500 -906 -143 -429 -1260 210 -1890
17509 -905 -149 -427 -1470 420 -1610
17519 -908 -148 -425 -980 280 -1680
17528 -909 -148 -425 -350 -210 -1750
17538 -906 -154 -429 0 -770 -1890
17548 -911 -150 -427 280 -1120 -2170
17557 -911 -151 -430 280 -1260 -2240
17567 -911 -154 -429 0 -1330 -2100
17576 -910 -149 -428 -140 -1330 -1960
17586 -907 -145 -430 -140 -1120 -1890
17596 -905 -143 -431 -140 -700 -1820
17605 -907 -145 -423 -350 -210 -1680
17615 -908 -146 -421 -560 -70 -1680
17625 -909 -143 -420 -560 -210 -1750
17634 -906 -150 -420 -210 -560 -1750
17644 -904 -151 -424 280 -910 -1750
17653 -905 -147 -424 630 -1120 -1820
17663 -905 -146 -428 560 -1050 -1610
17673 -902 -143 -428 140 -840 -1470
17682 -904 -148 -424 -490 -560 -1400
17692 -907 -147 -421 -630 -490 -1190
17701 -907 -147 -421 -420 -630 -1050
17711 -905 -151 -426 -140 -700 -1050
17721 -904 -152 -429 210 -700 -1190
17730 -906 -150 -429 350 -420 -1260
17740 -910 -147 -430 0 -210 -1260
17750 -906 -146 -427 -630 70 -1260
17759 -908 -143 -426 -1120 490 -1260
17769 -910 -141 -425 -1190 490 -1260
17778 -906 -144 -422 -980 350 -1330
17788 -908 -146 -422 -490 0 -1330
17798 -908 -146 -421 70 -350 -1470
17807 -908 -150 -426 350 -630 -1400
17817 -905 -154 -427 560 -700 -1190
17826 -906 -152 -428 490 -560 -1260
17836 -909 -153 -429 350 -420 -1260
17846 -907 -150 -431 210 -210 -1190
17855 -905 -147 -432 280 70 -1190
17865 -907 -142 -433 0 280 -1330
17875 -904 -137 -429 -560 350 -1330
17884 -903 -141 -428 -910 280 -1260
17894 -901 -143 -427 -840 70 -1330
17903 -907 -144 -427 -490 -350 -1540
17913 -908 -153 -422 70 -840 -1610
17923 -910 -154 -423 700 -1260 -1400
17932 -909 -154 -426 980 -1400 -1190
17942 -909 -153 -428 490 -980 -1120
17951 -907 -152 -427 -420 -210 -1050
17961 -905 -148 -425 -1050 700 -1120
17971 -908 -139 -421 -1050 1120 -1050
17980 -906 -136 -425 -630 1050 -700
17990 -901 -138 -429 -140 840 -420
18000 -904 -142 -428 210 630 -280
18009 -907 -142 -426 350 350 -350
18019 -908 -145 -425 420 0 -490
18028 -907 -154 -424 280 -420 -700
18038 -911 -153 -426 280 -560 -1050
18048 -908 -151 -428 280 -630 -1190
18057 -906 -146 -428 420 -560 -1190
18067 -906 -148 -427 210 -560 -1330
18076 -905 -143 -430 -70 -560 -1540
18086 -911 -141 -432 -420 -420 -1470
18096 -906 -145 -431 -630 -210 -1330
18105 -907 -140 -431 -560 0 -1260
18115 -908 -147 -432 -630 70 -1120
18125 -907 -147 -431 -420 70 -1120
18134 -911 -147 -431 -280 -140 -1190
18144 -907 -152 -430 -140 -420 -1050
18153 -906 -150 -430 70 -630 -980
18163 -907 -147 -424 420 -700 -980
18173 -907 -148 -419 420 -910 -1050
18182 -908 -144 -418 490 -1120 -1120
18192 -910 -145 -417 490 -1470 -1260
18201 -907 -148 -421 420 -1540 -1330
18211 -909 -148 -426 210 -1330 -1610
18221 -909 -148 -431 0 -700 -1820
18230 -906 -146 -436 -70 280 -1890
18240 -905 -141 -436 -350 1330 -1610
18250 -905 -135 -433 -770 2030 -980
18259 -904 -133 -429 -1190 1960 -490
18269 -905 -136 -425 -1330 1470 -210
18278 -909 -141 -425 -980 630 -280
18288 -910 -147 -424 -280 -280 -420
18298 -912 -147 -427 490 -1120 -700
18307 -907 -144 -432 1050 -1610 -1050
18317 -908 -147 -435 910 -1610 -1260
18326 -907 -150 -433 210 -1190 -1540
18336 -910 -147 -430 -350 -630 -1540
18346 -908 -142 -428 -560 -280 -1330
18355 -906 -142 -427 -560 -280 -910
18365 -907 -138 -427 -490 -280 -630
18375 -906 -141 -425 -420 -70 -560
18384 -907 -139 -423 -560 140 -770
18394 -907 -142 -424 -700 280 -1050
18403 -909 -145 -425 -700 280 -1260
18413 -908 -149 -428 -490 280 -1540
18423 -907 -148 -432 -420 210 -1610
18432 -905 -146 -433 -210 210 -1540
18442 -905 -144 -434 70 280 -1330
18451 -907 -136 -434 70 280 -980
18461 -903 -135 -434 -210 280 -840
18471 -906 -142 -432 -700 280 -910
18480 -909 -140 -430 -910 490 -1120
18490 -909 -142 -429 -980 420 -1190
18500 -906 -144 -429 -840 210 -1120
18509 -903 -144 -428 -630 -70 -1120
18519 -903 -142 -429 -280 -350 -1190
18528 -904 -138 -426 -140 -630 -1120
18538 -905 -141 -429 0 -840 -1120
18548 -906 -146 -432 -140 -630 -1120
18557 -907 -146 -430 -210 -70 -1190
18567 -909 -145 -429 -560 420 -1050
18576 -909 -146 -432 -770 630 -910
18586 -904 -142 -433 -840 700 -770
18596 -902 -141 -435 -700 840 -770
18605 -906 -139 -429 -350 910 -700
18615 -903 -137 -430 70 980 -770
18625 -905 -136 -432 0 980 -980
18634 -906 -139 -433 -350 840 -1120
18644 -906 -145 -431 -490 700 -1050
18653 -909 -145 -429 -420 420 -770
18663 -908 -137 -430 -210 -70 -630
18673 -905 -141 -432 0 -560 -490
18682 -904 -139 -430 140 -910 -420
18692 -905 -132 -432 420 -1120 -700
18701 -907 -138 -432 210 -1190 -910
18711 -904 -139 -434 140 -1050 -1330
18721 -908 -144 -430 70 -770 -1680
18730 -911 -144 -431 140 -700 -1610
18740 -907 -146 -436 70 -770 -1190
18750 -900 -145 -437 0 -700 -910
18759 -905 -137 -433 70 -210 -840
18769 -904 -136 -430 -280 560 -980
18778 -904 -143 -423 -980 1120 -1190
18788 -911 -145 -384 -490 980 -1400
18798 -917 -143 -404 2940 -210 -1260
18807 -905 -152 -421 4760 -1050 -700
18817 -907 -152 -434 4760 -1400 -700
18826 -908 -144 -432 3150 -770 -1120
18836 -918 -145 -438 1050 280 -840
18846 -909 -142 -448 -630 1540 -490
18855 -907 -140 -449 -2030 2450 -420
18865 -908 -132 -448 -2520 3010 -700
18875 -912 -130 -438 -2450 3150 -840
18884 -903 -132 -433 -2100 3010 -840
18894 -902 -132 -430 -1820 2380 -770
18903 -902 -134 -430 -490 1960 -630
18913 -896 -142 -441 630 1260 -840
18923 -901 -130 -452 630 770 -1330
18932 -900 -132 -456 -840 420 -1260
18942 -896 -137 -452 -2450 420 -1050
18951 -889 -134 -444 -3010 420 -1190
18961 -874 -128 -441 -2730 0 -1820
18971 -874 -125 -445 -2170 -1050 -3010
18980 -914 -114 -431 -1470 -2380 -4480
18990 -927 -119 -417 910 -3010 -4410
19000 -925 -139 -415 4200 -2450 -3500
19009 -922 -146 -426 5530 -1190 -3150
19019 -922 -154 -435 3780 280 -3220
19028 -908 -158 -433 210 1470 -2870
19038 -894 -165 -428 -2590 2170 -2730
19048 -893 -157 -419 -3360 2100 -3080
19057 -898 -144 -417 -2310 1330 -3150
19067 -898 -140 -425 -490 210 -2310
19076 -901 -138 -435 1120 -700 -1610
19086 -907 -135 -446 1470 -910 -1400
19096 -913 -140 -451 560 -630 -1400
19105 -917 -146 -448 -560 350 -1330
19115 -914 -146 -449 -1330 1190 -1120
19125 -907 -152 -451 -1820 1470 -840
19134 -904 -143 -448 -1890 1120 -840
19144 -900 -134 -444 -1260 560 -980
19153 -898 -130 -440 -560 0 -910
19163 -898 -133 -440 -70 -630 -770
19173 -902 -134 -438 0 -1260 -980
19182 -904 -141 -435 -350 -1890 -1260
19192 -906 -144 -430 -490 -2240 -1610
19201 -909 -148 -426 -140 -2380 -1960
19211 -909 -148 -431 350 -2240 -2030
19221 -902 -151 -437 700 -1890 -1890
19230 -897 -144 -438 630 -1400 -1540
19240 -895 -133 -439 70 -770 -910
19250 -897 -131 -437 -980 -210 -210
19259 -895 -137 -434 -1960 70 350
19269 -897 -132 -427 -2380 0 280
19278 -905 -134 -424 -1890 -280 -140
19288 -907 -136 -423 -700 -490 -630
19298 -910 -141 -425 630 -560 -1330
19307 -913 -142 -428 1470 -350 -1960
19317 -913 -145 -433 1540 0 -2170
19326 -907 -146 -440 1190 350 -2170
19336 -906 -144 -446 490 700 -1890
19346 -903 -139 -445 -280 1050 -1330
19355 -898 -127 -444 -770 1190 -980
19365 -898 -128 -442 -1120 1120 -840
19375 -899 -135 -439 -1260 560 -840
19384 -904 -141 -425 -840 -350 -840
19394 -915 -141 -416 840 -1610 -910
19403 -915 -142 -426 4060 -2730 -700
19413 -909 -149 -443 4760 -3080 -560
19423 -909 -153 -452 3290 -2800 -700
19432 -908 -146 -448 1330 -1820 -1260
19442 -910 -138 -440 -70 -350 -1540
19451 -907 -136 -434 -630 770 -1260
19461 -906 -140 -433 -910 1260 -980
19471 -905 -135 -432 -840 1190 -980
19480 -902 -131 -434 -770 980 -840
19490 -896 -138 -436 -770 910 -700
19500 -896 -138 -437 -770 1050 -1120
19509 -898 -136 -438 -840 1120 -1680
19519 -898 -144 -441 -840 1190 -1750
19528 -899 -134 -442 -280 1260 -1540
19538 -898 -131 -445 420 1260 -1050
19548 -901 -129 -443 210 840 -630
19557 -900 -129 -441 -490 350 -630
19567 -905 -132 -435 -700 -70 -980
19576 -909 -136 -434 -630 -420 -1470
19586 -911 -139 -434 -420 -1050 -1960
19596 -908 -141 -435 70 -1400 -2170
19605 -905 -145 -436 490 -1470 -2240
19615 -903 -144 -434 630 -1330 -2380
19625 -900 -142 -435 420 -1050 -2380
19634 -901 -140 -438 70 -700 -2380
19644 -902 -141 -437 -210 -350 -2240
19653 -901 -138 -438 -490 -70 -2100
19663 -902 -138 -436 -560 0 -2170
19673 -904 -136 -438 -700 70 -2240
19682 -906 -135 -444 -560 70 -2240
19692 -905 -134 -443 -560 -70 -2240
19701 -905 -136 -445 -630 -420 -2240
19711 -907 -138 -442 -560 -910 -2240
19721 -910 -137 -443 -350 -1400 -2380
19730 -909 -146 -442 -140 -1890 -2590
19740 -909 -149 -440 70 -2100 -2800
19750 -908 -147 -436 280 -2170 -2940
19759 -909 -139 -437 420 -2170 -2870
19769 -906 -137 -439 350 -1890 -2730
19778 -902 -138 -437 0 -1470 -2520
19788 -902 -139 -432 -560 -1190 -2450
19798 -902 -137 -430 -1120 -1190 -2450
19807 -901 -144 -433 -1400 -1470 -2450
19817 -898 -147 -435 -1120 -1750 -2520
19826 -901 -147 -430 -490 -1680 -2660
19836 -901 -148 -429 140 -1400 -2800
19846 -901 -144 -434 490 -1190 -2660
19855 -901 -143 -438 420 -840 -2450
19865 -904 -141 -436 0 -280 -2100
19875 -906 -136 -437 -350 210 -1820
19884 -903 -134 -437 -560 490 -1610
19894 -903 -136 -434 -560 490 -1610
19903 -906 -139 -432 -280 350 -1680
19913 -904 -141 -430 140 -140 -1960
19923 -901 -146 -440 770 -770 -2100
19932 -905 -137 -438 1120 -770 -2310
19942 -904 -143 -436 420 -770 -2240
19951 -906 -146 -433 -210 -630 -2310
19961 -905 -145 -430 -280 -840 -2310
19971 -903 -139 -437 140 -1120 -2170
19980 -901 -139 -437 630 -1330 -1890
19990 -900 -140 -442 840 -1400 -1960
20000 -905 -138 -440 630 -1330 -2170
20009 -904 -147 -439 -70 -1050 -2100
20019 -904 -149 -439 -420 -560 -2030
20028 -909 -145 -439 -560 -140 -2030
20038 -905 -144 -438 -840 -70 -1890
20048 -902 -146 -438 -1120 -210 -1680
20057 -902 -143 -435 -1050 -420 -1750
20067 -903 -141 -431 -560 -840 -1960
20076 -905 -142 -432 -140 -1260 -2170
20086 -901 -147 -430 350 -1540 -2310
20096 -906 -147 -432 770 -1750 -2450
20105 -907 -145 -433 1260 -1890 -2380
20115 -906 -146 -436 1120 -2030 -2240
20125 -902 -141 -443 630 -1610 -2030
20134 -904 -142 -441 -140 -630 -1820
20144 -906 -142 -435 -700 420 -1750
20153 -906 -140 -430 -980 980 -1610
20163 -906 -145 -430 -980 840 -1680
20173 -904 -140 -427 -630 210 -1680
20182 -905 -139 -429 -70 -560 -1820
20192 -902 -145 -429 210 -1120 -1960
20201 -904 -150 -429 700 -1400 -2240
20211 -903 -145 -433 1190 -1400 -2520
20221 -902 -141 -436 1120 -1260 -2380
20230 -899 -141 -438 560 -910 -2030
20240 -901 -143 -437 -210 -490 -1890
20250 -900 -142 -436 -770 -210 -1960
20259 -903 -146 -433 -840 -280 -1960
20269 -907 -149 -432 -420 -490 -2170
20278 -908 -149 -433 0 -840 -2380
20288 -907 -149 -437 350 -1050 -2450
20298 -908 -145 -438 490 -1120 -2450
20307 -908 -142 -442 490 -980 -2380
20317 -907 -143 -435 140 -840 -2170
20326 -900 -140 -438 -700 -630 -2100
20336 -904 -144 -434 -1750 -140 -1960
20346 -906 -148 -427 -1610 140 -1890
20355 -906 -151 -428 -770 -140 -2240
20365 -905 -148 -427 210 -840 -2520
20375 -905 -146 -433 980 -1400 -2310
20384 -900 -147 -437 1260 -1610 -2030
20394 -900 -142 -440 840 -1610 -2100
20403 -899 -141 -441 -140 -1120 -2240
20413 -902 -143 -437 -1120 -350 -2170
20423 -903 -141 -432 -1610 210 -1960
20432 -903 -144 -428 -1540 420 -1820
20442 -905 -154 -426 -1120 70 -1890
20451 -908 -153 -424 -140 -490 -2170
20461 -908 -152 -429 840 -1260 -2240
20471 -909 -152 -433 1470 -1750 -2030
20480 -905 -150 -440 1680 -1960 -1820
20490 -902 -141 -444 1470 -1680 -1820
20500 -901 -138 -444 700 -910 -1540
20509 -901 -140 -439 -210 0 -1260
20519 -903 -141 -434 -770 490 -1400
20528 -908 -140 -432 -980 700 -1610
20538 -908 -144 -430 -840 490 -1610
20548 -908 -152 -427 -420 140 -1540
20557 -905 -150 -426 70 -490 -1680
20567 -904 -154 -430 490 -1050 -1890
20576 -899 -156 -431 770 -1260 -1890
20586 -900 -148 -437 770 -1330 -2170
20596 -899 -148 -438 210 -980 -2170
20605 -901 -147 -433 -350 -490 -2240
20615 -902 -146 -429 -700 -210 -2310
20625 -906 -146 -431 -630 -280 -2170
20634 -905 -148 -435 -280 -560 -2030
20644 -906 -145 -436 0 -980 -1890
20653 -906 -148 -435 140 -1330 -1890
20663 -911 -150 -437 70 -1610 -2100
20673 -908 -152 -436 420 -1610 -2100
20682 -914 -148 -438 630 -1400 -2100
20692 -913 -148 -437 560 -1050 -2030
20701 -910 -146 -438 140 -700 -1890
20711 -908 -143 -433 -350 -420 -1960
20721 -908 -141 -428 -770 -490 -2030
20730 -909 -145 -425 -630 -840 -2170
20740 -907 -149 -426 0 -1400 -2240
20750 -906 -147 -424 1120 -2030 -2380
20759 -903 -149 -427 2100 -2170 -2310
20769 -903 -145 -433 2100 -1820 -2030
20778 -897 -142 -434 1050 -1050 -1820
20788 -898 -146 -432 -420 -70 -1610
20798 -900 -144 -427 -1680 630 -1680
20807 -899 -142 -425 -2310 910 -1890
20817 -896 -152 -424 -2590 1120 -1960
20826 -899 -154 -423 -1820 1120 -2030
20836 -904 -155 -427 -280 560 -2100
20846 -900 -159 -435 630 -280 -2030
20855 -901 -148 -440 1050 -700 -1680
20865 -901 -146 -443 700 -560 -1400
20875 -899 -146 -441 -140 -210 -1190
20884 -903 -145 -439 -910 280 -1330
20894 -905 -149 -437 -1330 630 -1330
20903 -908 -151 -434 -1120 630 -1330
20913 -906 -150 -437 -280 140 -1190
20923 -909 -149 -438 700 -700 -980
20932 -906 -147 -442 1470 -1330 -840
20942 -904 -148 -439 1960 -1610 -770
20951 -903 -145 -436 2240 -1680 -700
20961 -904 -146 -432 2100 -1610 -560
20971 -905 -149 -429 1890 -1400 -630
20980 -914 -150 -415 3150 -1050 -770
20990 -922 -151 -403 6790 -1260 -770
21000 -913 -161 -404 11900 -2030 -560
21009 -912 -173 -394 17080 -2940 -420
21019 -911 -170 -398 22400 -2870 -210
21028 -918 -191 -401 29050 -1820 140
21038 -932 -216 -407 39340 -1260 910
21048 -946 -189 -365 55440 -1330 1960
21057 -948 -199 -357 74900 -3010 2800
21067 -942 -203 -365 94360 -7350 2520
21076 -945 -222 -352 110530 -12320 910
21086 -947 -203 -345 126070 -18060 -1540
21096 -955 -211 -353 139650 -27160 -3430
21105 -1003 -240 -350 152320 -36680 -4970
21115 -960 -301 -355 165900 -46970 -6300
21125 -942 -303 -363 179060 -55860 -9030
21134 -965 -322 -321 189070 -63280 -11340
21144 -983 -331 -286 200550 -70140 -11200
21153 -994 -321 -295 214550 -76860 -9590
21163 -984 -293 -324 224840 -81200 -6720
21173 -953 -250 -373 224560 -81970 -3010
21182 -934 -222 -402 210140 -78330 350
21192 -901 -194 -413 183330 -70210 1820
21201 -877 -197 -365 148890 -58660 1680
21211 -851 -242 -253 114520 -47320 140
21221 -841 -306 -193 88340 -39550 -3570
21230 -870 -320 -153 75880 -35700 -9450
21240 -896 -298 -147 73430 -34440 -13370
21250 -915 -295 -148 74550 -34300 -12180
21259 -913 -281 -149 76440 -33880 -7350
21269 -922 -295 -132 77000 -34720 -2240
21278 -927 -301 -127 77350 -36260 840
21288 -933 -293 -126 77560 -36750 1890
21298 -943 -309 -98 77000 -36190 1960
21307 -944 -308 -64 77630 -35000 700
21317 -956 -317 0 82390 -34090 -2940
21326 -969 -324 2 93240 -35700 -8610
21336 -978 -335 -20 106750 -40250 -15120
21346 -971 -315 -58 115850 -45430 -19810
21355 -978 -331 -77 118370 -49490 -20720
21365 -981 -315 -77 116060 -52150 -18130
21375 -973 -338 -50 111090 -53620 -13580
21384 -961 -370 -14 107170 -54530 -8820
21394 -947 -373 6 106330 -56910 -6370
21403 -968 -401 49 108850 -59640 -6510
21413 -960 -394 46 115220 -63210 -9100
21423 -948 -382 31 120470 -67130 -13580
21432 -932 -414 44 120050 -69650 -18340
21442 -927 -353 76 116410 -71120 -21630
21451 -929 -282 48 111930 -71260 -20860
21461 -938 -295 53 107520 -69860 -15050
21471 -947 -298 71 105560 -66570 -8330
