Timestamp[ms] A_X [mg] A_Y [mg] A_Z [mg] G_X [mdps] G_Y [mdps] G_Z [mdps]
0 -917 -250 457 -63350 -56630 26250
9 -882 -252 515 -59150 -57400 30660
19 -852 -201 563 -50820 -55580 36610
28 -791 -114 595 -47040 -50190 43260
38 -745 -43 611 -51450 -44940 51380
48 -715 0 614 -58730 -42560 60130
57 -709 24 622 -62790 -40040 65450
67 -725 39 616 -62230 -36190 65730
76 -734 37 610 -59220 -31920 61950
86 -761 78 644 -51800 -28420 55020
96 -770 141 662 -50750 -32340 46410
105 -775 130 624 -63420 -42700 38780
115 -812 73 614 -70280 -44660 32340
125 -834 70 609 -70140 -41230 25620
134 -818 44 610 -64400 -34930 20230
144 -850 16 632 -52920 -24290 17640
153 -854 9 649 -47390 -16730 14980
163 -832 -28 619 -48580 -16520 13930
173 -839 -50 590 -44730 -15890 14560
182 -848 -25 597 -31920 -10920 14000
192 -842 -1 616 -16870 -6370 11410
201 -841 -1 615 -4130 -3290 8260
211 -842 -11 626 4060 -70 5390
221 -867 5 633 6860 2030 3850
230 -839 27 634 2730 1330 4130
240 -847 21 608 -9030 -3640 7630
250 -848 -20 599 -21280 -7350 12530
259 -836 -54 578 -29470 -9730 16030
269 -824 -89 558 -33180 -11410 19460
278 -834 -119 542 -30590 -10920 24010
288 -844 -140 517 -23590 -7910 29120
298 -848 -144 480 -14210 -5040 34370
307 -863 -149 414 -6020 -4900 38220
317 -864 -144 345 4200 -4900 40880
326 -883 -123 323 13650 -6090 43260
336 -900 -105 305 18620 -10710 45010
346 -890 -60 249 19390 -16870 45360
355 -930 -8 160 15820 -22190 45430
365 -995 194 443 12950 -30940 44940
375 -947 25 110 -4690 -69370 48440
384 -891 -4 113 -31080 -95970 40950
394 -840 -61 116 -35630 -101290 34720
403 -815 -96 127 -29120 -107520 33320
413 -795 -104 151 -15120 -108850 35490
423 -781 -115 211 -4970 -108220 39480
432 -754 -136 278 630 -107030 44380
442 -714 -164 273 7140 -106890 51940
451 -676 -135 303 13020 -107870 63140
461 -623 -13 350 18900 -111440 75390
471 -585 99 433 14350 -120750 87780
480 -540 176 527 -4830 -137130 98630
490 -501 177 590 -31780 -156100 107310
500 -463 131 631 -56070 -170590 110670
509 -418 26 700 -65240 -175140 106890
519 -331 -62 783 -56210 -167930 99260
528 -283 -50 891 -38360 -149520 92750
538 -243 0 933 -21280 -133770 91910
548 -239 33 962 -12810 -122290 95900
557 -242 44 963 -13230 -111790 100940
567 -251 64 947 -13090 -104650 102900
576 -219 58 919 -6860 -103040 101220
586 -254 198 1021 5320 -101710 97650
596 -238 216 1032 15680 -105560 94430
605 -228 181 1047 20370 -109060 89880
615 -195 210 1024 17780 -104440 80640
625 -185 253 1074 12180 -95270 74830
634 -172 273 1092 6020 -87080 76930
644 -210 224 1129 -1190 -82180 77210
653 -171 160 1076 -11830 -87570 70770
663 -141 67 1059 -11760 -92260 63210
673 -137 103 1049 -1960 -88200 50470
682 -126 200 1132 15540 -80640 39060
692 116 7 1152 24010 -84350 35700
701 11 56 1104 24990 -84140 15400
711 -199 258 1190 24640 -75110 -13930
721 -243 403 1181 36260 -66570 -15050
730 -242 559 1096 59850 -64540 210
740 -233 591 985 76930 -66850 20440
750 -232 547 884 75460 -72030 36610
759 -211 494 856 58800 -76300 44800
769 -131 379 880 43400 -77210 48090
778 56 282 899 37240 -74340 50680
788 52 281 879 37940 -70000 48580
798 -14 242 844 48160 -72730 42350
807 -53 298 825 74130 -73850 34790
817 -111 436 735 111650 -65310 26670
826 -179 584 669 147420 -51730 20160
836 -265 687 622 161280 -43050 15960
846 -170 728 673 145810 -46410 9800
855 -6 749 785 111930 -60900 -210
865 22 782 876 74410 -74970 -10990
875 43 771 936 38920 -79590 -12110
884 155 707 995 5460 -75110 -2030
894 211 677 1022 -16100 -61250 13930
903 185 624 1040 -22470 -43610 35490
913 170 588 1238 -16310 -33880 57540
923 151 536 1493 -8750 -38920 68040
932 321 637 1668 -10640 -51660 65310
942 468 692 1701 -39550 -60690 55090
951 472 716 1535 -77910 -48860 39830
961 335 685 1441 -99050 -13300 33670
971 207 535 1324 -102480 10920 40320
980 183 332 1221 -95130 21490 48510
990 139 165 1084 -71890 28280 49560
1000 104 17 1013 -37660 36890 46340
1009 22 -78 946 -3290 38710 38080
1019 -52 -114 878 31220 34090 24150
1028 -104 -28 736 66500 28210 3430
1038 -211 77 593 102550 24360 -22750
1048 -225 210 504 140490 21280 -48510
1057 -167 375 502 169750 17080 -70490
1067 31 537 606 180810 13300 -82040
1076 6 467 683 169540 10500 -73920
1086 127 360 752 154210 7420 -55510
1096 155 431 814 138740 3010 -38080
1105 325 417 846 127540 -3080 -14980
1115 284 476 904 118510 -12040 20440
1125 211 507 911 89320 -7280 50610
1134 7 630 918 36330 12460 64050
1144 -105 797 974 -28700 31640 50750
1153 -82 1008 1069 -45500 36470 34860
1163 -75 878 1083 -42350 43330 22820
1173 11 611 1008 -46620 59570 15470
1182 -1 511 836 -41510 64190 9660
1192 -14 495 684 -20020 48580 6510
1201 -67 490 664 7140 29260 3220
1211 14 593 678 33670 25900 -3290
1221 -4 542 757 50820 31990 -1680
1230 58 686 923 54880 39970 3710
1240 86 703 959 43470 45360 12950
1250 60 651 972 24640 48720 30170
1259 -120 606 962 8890 53620 41370
1269 -312 636 989 -3990 61670 34860
1278 4 748 923 -19180 64120 5250
1288 -60 605 676 -33320 47950 3360
1298 -138 586 627 2240 24990 5600
1307 -133 566 687 25970 13230 -3920
1317 -85 631 748 56630 5950 -18060
1326 -47 659 844 84350 560 -31640
1336 -52 664 942 91490 350 -40740
1346 -25 568 1058 86450 1470 -43680
1355 62 -1061 996 58940 -2660 -46480
1365 71 517 712 47110 -8750 -67900
1375 -10 1052 576 76440 -8820 -67340
1384 -124 1037 252 70210 -13930 -29190
1394 -318 866 252 67410 -6160 -140
1403 -333 790 638 59990 9800 -3850
1413 -182 676 938 35980 19600 -17640
1423 -86 693 1045 3010 13510 -25200
1432 -85 687 1003 -29680 -3500 -21210
1442 -90 619 801 -61950 -17220 -11130
1451 -119 552 684 -76090 -16170 -3640
1461 -137 524 674 -80290 -7560 -1820
1471 -150 481 665 -80150 -4130 -3850
1480 -100 461 681 -68740 -6440 -6090
1490 -34 486 711 -49000 -10290 -8260
1500 -62 528 770 -34020 -10920 -10220
1509 -85 547 814 -18270 -10290 -9940
1519 -63 511 859 -4620 -11900 -6160
1528 18 845 949 -3780 -15190 -5390
1538 -106 904 1072 -40600 -6440 -7280
1548 -133 712 1015 -58590 -770 -3990
1557 -80 573 849 -58240 -1820 -1400
1567 -87 510 797 -54390 -2800 -3640
1576 -92 435 800 -48720 -4900 -5040
1586 -133 477 796 -43400 -7630 -3360
1596 -149 628 719 -49350 -11760 -2030
1605 -41 680 714 -68390 -14770 -2380
1615 -141 631 753 -97160 -20790 -3500
1625 -166 645 792 -121170 -24920 -4200
1634 -134 552 821 -138040 -27300 2940
1644 -109 486 835 -148400 -28350 7980
1653 -55 400 844 -153790 -29680 11970
1663 -47 379 858 -157640 -37800 15400
1673 -27 385 885 -162540 -45360 14140
1682 -139 315 934 -164920 -41580 14840
1692 54 335 909 -162330 -37660 22050
1701 90 278 936 -166390 -30730 15960
1711 10 219 952 -173390 -23240 5950
1721 -37 198 945 -171500 -19950 1260
1730 -38 192 947 -166250 -17640 350
1740 -27 174 963 -162330 -16240 1190
1750 -32 144 1000 -161980 -15190 1750
1759 -22 115 1025 -159460 -15120 2100
1769 -7 82 1049 -153650 -13860 2170
1778 -1 37 1077 -144760 -10220 2100
1788 0 -126 1169 -130060 -4620 2870
1798 31 27 1167 -96530 4690 4200
1807 -16 -14 1176 -61250 9520 -1750
1817 -44 -27 1170 -33390 10010 -2520
1826 -38 -4 1148 -4410 7910 -2590
1836 -24 25 1101 18760 4620 -2730
1846 -11 50 1041 31990 3080 -2800
1855 -18 64 1005 38570 4760 -2940
1865 -26 85 975 40530 6020 -3290
1875 -33 112 946 37310 5250 -3500
1884 -29 126 919 29470 4060 -3290
1894 -33 125 914 18830 4480 -2450
1903 -39 127 919 6860 4900 -1610
1913 -35 133 927 -5950 3500 -1330
1923 -38 109 939 -19320 1960 -910
1932 -23 99 958 -32270 2100 70
1942 -26 71 988 -39900 3430 350
1951 -25 55 1020 -42210 5740 560
1961 -32 36 1054 -40040 8120 490
1971 -41 8 1106 -34090 9170 140
1980 -46 -5 1149 -22540 7560 -560
1990 -44 18 1103 -3500 4760 -1330
2000 -42 47 1024 14070 3500 -1890
2009 -49 71 982 20650 3220 -2240
2019 -45 88 963 19180 2380 -2240
2028 -47 96 953 13790 1960 -1960
2038 -47 95 959 5600 1750 -1610
2048 -43 86 974 -3710 700 -1050
2057 -44 68 1001 -11340 -490 -630
2067 -35 40 1035 -14350 -1330 -490
2076 -40 35 1059 -10360 -1050 -840
2086 -45 48 1033 -1190 70 -1120
2096 -48 63 1004 5810 1120 -1330
2105 -50 77 993 6790 1750 -1470
2115 -47 82 992 3640 1120 -1470
2125 -40 73 999 -1330 -490 -1540
2134 -34 57 1012 -4830 -1960 -1540
2144 -28 50 1019 -4830 -2240 -1610
2153 -35 53 1016 -1750 -1330 -1750
2163 -40 60 1005 1890 140 -1820
2173 -37 69 996 3290 980 -1820
2182 -44 70 994 2240 1190 -1540
2192 -42 63 1003 0 770 -1330
2201 -38 61 1000 -1610 -560 -1120
2211 -39 55 1001 -1260 -840 -910
2221 -41 57 1004 140 -140 -1050
2230 -43 57 1007 1400 630 -1050
2240 -45 59 1013 1680 980 -1120
2250 -45 65 1009 1120 280 -1260
2259 -45 63 1006 560 -70 -1190
2269 -46 62 1002 350 280 -1120
2278 -44 52 998 560 560 -1120
2288 -46 63 1001 700 770 -1330
2298 -48 64 1009 700 910 -1400
2307 -41 59 1009 70 -210 -1540
2317 -42 55 1009 -280 -770 -1610
2326 -44 56 1012 420 -420 -1750
2336 -46 58 1010 1330 0 -1610
2346 -43 61 1000 1890 350 -1610
2355 -46 62 1002 1750 910 -1470
2365 -53 67 1004 1050 700 -1610
2375 -48 66 1003 0 -490 -1470
2384 -46 58 1006 -1470 -1330 -1400
2394 -42 59 1013 -1820 -1260 -1400
2403 -38 61 1009 -770 -700 -1330
2413 -35 61 1006 630 280 -1400
2423 -38 62 1011 1540 910 -1470
2432 -38 70 1002 1750 490 -1540
2442 -40 68 997 1330 280 -1330
2451 -43 69 1002 1120 560 -1260
2461 -39 64 1003 1330 980 -1330
2471 -48 69 1013 1680 1400 -1610
2480 -45 69 1010 1540 770 -1680
2490 -44 64 1002 980 140 -1610
2500 -43 62 1001 700 490 -1680
2509 -48 65 1002 1120 1050 -1890
2519 -46 71 998 1540 1120 -2030
2528 -50 70 999 1470 1120 -2030
2538 -43 71 1004 840 840 -1960
2548 -42 65 1006 140 490 -1890
2557 -43 65 1012 280 420 -2100
2567 -38 65 1009 980 280 -2170
2576 -43 67 1005 1470 490 -2310
2586 -47 67 1002 1820 1050 -2520
2596 -49 72 999 2380 1610 -2520
2605 -48 78 997 3010 1820 -2450
2615 -48 80 996 2800 1330 -2310
2625 -52 80 1001 1400 910 -1960
2634 -51 80 1005 -420 560 -1610
2644 -52 71 1008 -1470 210 -1470
2653 -53 68 1014 -1260 210 -1470
2663 -54 67 1015 -140 280 -1610
2673 -55 65 1014 1400 770 -1680
2682 -58 71 1004 2590 1260 -1610
2692 -59 72 997 3220 1750 -1470
2701 -64 76 990 2800 1750 -1260
2711 -65 77 990 1120 1190 -1120
2721 -61 73 997 -1050 210 -1050
2730 -60 65 1003 -2730 -840 -980
2740 -57 61 1010 -3010 -1470 -1050
2750 -59 60 1014 -2030 -1400 -1050
2759 -54 68 1011 -560 -1120 -980
2769 -51 72 1007 350 -910 -770
2778 -46 70 1004 -140 -1050 -630
2788 -42 67 1002 -1120 -1330 -490
2798 -45 65 1002 -1820 -1190 -420
2807 -43 65 1006 -1470 -840 -490
2817 -49 69 1004 -560 -560 -490
2826 -54 70 1000 140 -350 -560
2836 -55 68 1002 -70 -420 -630
2846 -53 65 1004 -630 -560 -630
2855 -52 67 1006 -1120 -770 -630
2865 -48 63 1009 -1540 -910 -770
2875 -47 61 1007 -1960 -1050 -840
2884 -47 58 1007 -1890 -1190 -770
2894 -47 58 1007 -1190 -1330 -560
2903 -46 63 1007 -210 -1330 -490
2913 -46 66 1006 700 -1330 -350
2923 -47 73 1005 910 -1050 -280
2932 -48 74 1010 350 -700 -350
2942 -50 72 1011 -490 -560 -420
2951 -48 68 1009 -980 -630 -420
2961 -46 72 1006 -840 -980 -350
2971 -45 72 1007 -490 -1050 -490
2980 -40 70 1008 -210 -840 -560
2990 -40 68 1005 0 -700 -770
3000 -46 68 999 140 -420 -980
3009 -49 70 997 140 0 -1120
3019 -51 69 1000 0 0 -1050
3028 -49 67 1006 -490 -350 -1050
3038 -49 63 1010 -1260 -770 -1120
3048 -46 57 1015 -1680 -980 -1260
3057 -45 59 1012 -1400 -1120 -1260
3067 -44 62 1011 -700 -980 -1260
3076 -44 62 1005 -70 -560 -1330
3086 -49 63 1012 -70 -140 -1470
3096 -48 66 1012 -210 -280 -1610
3105 -46 65 1007 -490 -840 -1750
3115 -45 64 1005 -910 -1260 -1890
3125 -45 63 1003 -910 -1190 -1960
3134 -44 63 1001 -420 -700 -2030
3144 -45 63 1003 280 70 -1960
3153 -50 64 1008 770 770 -1890
3163 -50 67 1010 560 210 -1680
3173 -42 69 1003 -490 -1190 -1400
3182 -37 63 1001 -1610 -1820 -1190
3192 -36 60 1008 -1750 -1190 -1330
3201 -39 62 1007 -840 -350 -1680
3211 -45 68 1005 280 350 -1960
3221 -45 72 1003 980 910 -1960
3230 -51 73 1002 980 1190 -1890
3240 -53 75 1002 700 980 -1680
3250 -53 76 1006 280 560 -1610
3259 -46 74 1007 -350 0 -1470
3269 -51 74 1019 -630 -140 -1470
3278 -50 74 1020 -980 -560 -1470
3288 -42 68 1018 -1680 -1050 -1400
3298 -42 64 1016 -1890 -840 -1540
3307 -36 64 1009 -1540 -840 -1680
3317 -36 62 1000 -980 -630 -1820
3326 -42 63 998 -70 -210 -1890
3336 -46 63 998 630 -140 -1890
3346 -52 63 1001 1050 280 -2030
3355 -60 62 1007 1610 1330 -2100
3365 -62 61 1009 1540 1050 -2310
3375 -58 57 1004 560 -140 -2380
3384 -54 53 999 -840 -1190 -2450
3394 -57 53 1003 -1050 -1050 -2590
3403 -53 60 997 -280 -490 -2800
3413 -52 60 1000 420 490 -2870
3423 -54 66 1005 910 1120 -3010
3432 -59 74 1010 910 280 -2870
3442 -57 80 1008 210 -1190 -2380
3451 -51 79 1006 -700 -1890 -1820
3461 -52 78 1004 -1050 -1190 -1330
3471 -56 79 1004 -630 -140 -1050
3480 -57 76 1001 -630 0 -840
3490 -56 76 998 -1400 -910 -700
3500 -54 73 1001 -2450 -1750 -560
3509 -57 70 1009 -2450 -2030 -420
3519 -54 71 1013 -1750 -1960 -350
3528 -51 69 1017 -1190 -1890 -140
3538 -45 66 1015 -910 -2030 210
3548 -38 68 1005 -910 -2380 490
3557 -28 61 997 -910 -2310 560
3567 -32 60 996 -560 -1400 420
3576 -38 63 995 210 -280 0
3586 -40 67 989 560 350 -560
3596 -43 66 991 -350 490 -980
3605 -50 64 1003 -1680 420 -1190
3615 -46 64 1018 -2170 -70 -1190
3625 -36 57 1023 -2310 -980 -1190
3634 -28 54 1023 -2870 -1260 -1400
3644 -25 46 1023 -3220 -560 -1680
3653 -28 43 1025 -2520 700 -2030
3663 -34 45 1020 -910 1190 -2310
3673 -39 48 1023 140 840 -2590
3682 -42 45 1024 210 490 -2870
3692 -38 38 1022 140 980 -3080
3701 -43 30 1010 1610 1820 -3220
3711 -36 27 995 5040 2310 -3150
3721 -29 45 964 7980 2240 -2940
3730 -22 47 953 7980 1820 -2590
3740 -34 56 967 6790 2730 -3290
3750 -53 72 985 6020 3150 -4130
3759 -74 89 1006 4970 2660 -5110
3769 -93 98 1034 4900 2870 -5180
3778 -104 110 1047 5810 2800 -4900
3788 -95 125 1039 6160 1890 -4130
3798 -73 127 1006 4550 210 -3220
3807 -58 125 978 700 -1050 -2730
3817 -48 115 971 -2730 -1120 -2520
3826 -50 115 978 -3220 -630 -2730
3836 -50 120 982 -1610 -210 -3010
3846 -45 122 987 -980 70 -3080
3855 -41 112 994 -2660 140 -3220
3865 -39 105 999 -4690 -140 -3430
3875 -41 99 1000 -4970 -350 -3710
3884 -45 99 996 -4270 -700 -3850
3894 -62 100 1010 -3920 -140 -3290
3903 -70 97 1009 -5460 -770 -2450
3913 -63 70 1009 -8750 -2380 -1050
3923 -63 33 1014 -11970 -3220 -70
3932 -65 1 1024 -11970 -3430 140
3942 -59 -4 1019 -7280 -2730 -140
3951 -61 7 1010 -1610 -1680 -840
3961 -49 27 991 350 -700 -1400
3971 -58 30 1018 -1260 -140 -1400
3980 -61 38 1014 -3920 -1470 -1680
3990 -49 36 1023 -5390 -3150 -1120
4000 -57 17 1024 -3500 -2870 -70
4009 -70 8 1031 -1190 -1470 490
4019 -72 8 1034 -2520 -2590 770
4028 -42 -13 1010 -5670 -6090 1540
4038 -24 -24 994 -3570 -5880 2380
4048 -24 5 1004 4620 70 1680
4057 -29 39 1008 11410 4760 1050
4067 -29 61 990 12460 5320 910
4076 -29 64 992 9240 4060 700
4086 -41 64 1007 5670 3290 0
4096 -55 63 1029 5250 2870 -490
4105 -60 72 1028 8750 2940 -420
4115 -61 88 1022 13720 4060 -70
4125 -63 108 1013 17570 5600 140
4134 -60 122 1003 18550 6370 420
4144 -52 134 994 15960 5740 490
4153 -43 135 986 11200 4270 350
4163 -42 130 988 6370 3010 -140
4173 -36 124 995 2240 2030 -1050
4182 -41 111 997 -700 1540 -1890
4192 -48 93 992 -3220 1330 -2730
4201 -41 73 984 -6020 420 -4060
4211 -45 69 997 -8050 -140 -5320
4221 -39 75 1006 -9170 -1960 -5740
4230 -32 75 1010 -10150 -4130 -5530
4240 -33 66 1008 -10640 -4900 -5040
4250 -38 58 1018 -10850 -4200 -5460
4259 -49 61 1027 -10780 -3850 -6230
4269 -47 48 1037 -6930 -2660 -5880
4278 -63 51 1024 5740 2450 -4550
4288 -81 31 989 17080 8260 -4900
4298 -94 93 992 16100 9520 -6860
4307 -97 91 997 12040 6020 -5670
4317 -106 113 989 15750 5460 -3640
4326 -100 104 981 12250 4480 -2240
4336 -92 83 986 -70 210 -1890
4346 -84 59 1019 -11060 -4900 -1050
4355 -58 34 1038 -13860 -7630 -420
4365 -44 20 1035 -9100 -6720 -280
4375 -53 43 1018 -700 -2730 -770
4384 -72 60 1009 7280 1890 -910
4394 -75 79 994 10500 4130 -1260
4403 -107 112 1001 10990 3920 -1260
4413 -96 118 987 5320 630 -840
4423 -61 87 971 -3710 -4620 910
4432 -35 63 980 -9380 -7210 1470
4442 -17 56 1003 -9520 -6300 630
4451 -19 60 1017 -4410 -2660 0
4461 -35 81 1014 1890 1120 -700
4471 -56 102 1009 4970 2870 -980
4480 -59 104 1004 3640 1820 -560
4490 -59 92 1003 560 -490 -140
4500 -56 77 1003 -700 -1610 0
4509 -51 75 1006 560 -840 -210
4519 -58 83 1011 2520 280 -770
4528 -57 100 1009 2730 420 -1120
4538 -55 104 1013 980 -140 -1260
4548 -53 98 1011 -700 -770 -1330
4557 -56 97 1002 -910 -980 -1470
4567 -61 96 995 -140 -560 -1610
4576 -67 97 994 490 -210 -1540
4586 -62 95 991 0 -280 -1330
4596 -63 91 996 -1540 -630 -1190
4605 -60 86 998 -2730 -700 -1050
4615 -53 82 1003 -2870 -560 -770
4625 -53 79 1006 -2660 -350 -630
4634 -48 78 1004 -2660 -280 -630
4644 -47 76 1009 -3010 -70 -700
4653 -50 72 1011 -3080 140 -630
4663 -57 69 1007 -2380 210 -560
4673 -62 67 1006 -1260 560 -770
4682 -65 71 1008 -350 700 -1050
4692 -66 72 1006 -350 280 -1120
4701 -65 67 1005 -1190 -490 -1050
4711 -60 60 1006 -2100 -1330 -1120
4721 -58 57 1009 -2030 -1540 -1260
4730 -61 59 1007 -1050 -1190 -1400
4740 -67 61 1009 140 -560 -1610
4750 -64 66 1011 700 -630 -1540
4759 -56 65 1006 210 -1190 -1330
4769 -47 60 1007 -910 -1540 -1190
4778 -48 55 1003 -1470 -1610 -1260
4788 -46 59 1004 -630 -1190 -1260
4798 -52 65 1003 1400 -420 -1400
4807 -58 79 999 3290 350 -1400
4817 -64 86 1001 3780 770 -1260
4826 -65 89 1002 2730 420 -980
4836 -64 87 1003 1120 -140 -770
4846 -59 84 1006 -70 -350 -630
4855 -60 83 1004 -420 -350 -770
4865 -60 83 1006 -140 -210 -980
4875 -62 89 1009 280 -140 -1120
4884 -61 93 1014 700 -280 -1050
4894 -58 91 1012 980 -560 -980
4903 -54 88 1006 840 -770 -1050
4913 -52 90 998 210 -700 -1260
4923 -49 91 1001 -490 -630 -1330
4932 -48 87 1003 -840 -770 -1260
4942 -44 85 1006 -980 -980 -1400
4951 -44 83 1006 -1120 -700 -1610
4961 -46 78 1002 -1190 -280 -1750
4971 -47 75 1000 -1330 -70 -1820
4980 -49 71 1000 -1540 -70 -1820
4990 -52 70 1003 -1120 -70 -1890
5000 -58 74 1003 -420 140 -1960
5009 -61 77 1006 210 420 -1960
5019 -63 77 1008 350 350 -1820
5028 -60 78 1009 140 0 -1680
5038 -59 77 1010 -210 -140 -1680
5048 -61 75 1011 -350 -70 -1960
5057 -62 78 1010 -420 140 -1960
5067 -64 72 1005 -420 0 -1960
5076 -67 69 1005 -280 -140 -1890
5086 -71 72 1003 -70 -140 -1890
5096 -64 71 1002 140 0 -1890
5105 -62 71 998 350 -210 -1890
5115 -61 71 996 350 -560 -1890
5125 -63 73 1001 -70 -910 -1750
5134 -60 73 1010 -420 -1120 -1540
5144 -63 71 1015 -350 -1120 -1330
5153 -59 68 1018 -70 -980 -1400
5163 -59 62 1009 280 -700 -1470
5173 -56 66 1008 840 -140 -1610
5182 -57 73 1001 1890 630 -1820
5192 -65 80 996 2240 490 -1960
5201 -62 81 992 1190 -70 -1960
5211 -65 78 1000 350 -280 -1890
5221 -68 79 1002 630 -140 -1890
5230 -66 80 997 1050 -140 -1820
5240 -64 81 997 770 -210 -1680
5250 -65 79 999 210 -210 -1540
5259 -64 80 999 70 -280 -1470
5269 -65 85 1000 210 -280 -1470
5278 -66 91 1004 70 -350 -1330
5288 -64 96 1008 -700 -630 -1190
5298 -61 92 1014 -1610 -1050 -910
5307 -54 86 1016 -1960 -1400 -630
5317 -50 78 1011 -1470 -1470 -560
5326 -49 74 1002 -350 -980 -700
5336 -54 79 996 1050 -140 -840
5346 -56 91 990 1890 420 -910
5355 -62 96 988 1610 560 -770
5365 -61 98 992 0 210 -700
5375 -58 90 1001 -1960 -490 -420
5384 -54 84 1010 -2870 -1260 -140
5394 -49 78 1013 -2590 -1540 -70
5403 -47 75 1015 -1750 -1330 -210
5413 -50 72 1014 -910 -980 -420
5423 -49 73 1008 -420 -490 -630
5432 -52 77 1006 -210 -70 -700
5442 -53 81 1008 -210 210 -770
5451 -55 79 1005 -490 70 -910
5461 -57 75 1008 -1120 0 -980
5471 -52 69 1009 -1540 -350 -1050
5480 -49 65 1009 -1610 -630 -1260
5490 -46 63 1008 -1190 -840 -1540
5500 -47 64 1003 -210 -490 -1680
5509 -53 66 1007 1050 210 -1820
5519 -62 68 1005 1890 910 -2100
5528 -72 73 1003 1960 1190 -2310
5538 -77 77 1005 1260 840 -2310
5548 -76 70 1004 70 70 -2240
5557 -72 63 1009 -980 -840 -2100
5567 -68 59 1011 -1190 -1400 -2170
5576 -66 59 1014 -70 -1540 -2240
5586 -67 66 1004 1680 -1190 -2380
5596 -67 74 995 3150 -420 -2310
5605 -68 85 991 3640 140 -2170
5615 -66 95 993 2940 280 -1820
5625 -65 98 997 1120 -140 -1400
5634 -61 95 1000 -1050 -770 -1050
5644 -63 90 1003 -2170 -1050 -630
5653 -63 85 1010 -2030 -840 -350
5663 -61 88 1009 -1260 -770 -140
5673 -54 85 1010 -560 -840 -70
5682 -49 83 1007 -350 -980 -140
5692 -47 83 1006 -280 -1050 -210
5701 -47 82 1005 -210 -910 -490
5711 -53 82 1005 -280 -840 -630
5721 -50 83 1001 -350 -840 -700
5730 -49 79 999 -420 -770 -630
5740 -51 77 999 -420 -560 -700
5750 -52 82 1001 -70 -280 -840
5759 -57 85 1003 420 -140 -980
5769 -57 86 1002 630 -70 -1120
5778 -60 81 1002 210 -70 -1260
5788 -57 78 1003 -630 -280 -1400
5798 -57 76 1001 -1260 -140 -1750
5807 -59 75 1000 -1400 210 -2030
5817 -61 74 1000 -1190 420 -2170
5826 -63 75 1005 -1050 350 -2310
5836 -63 72 1006 -770 140 -2240
5846 -63 74 1011 -350 0 -2240
5855 -65 74 1012 70 -70 -2100
5865 -60 73 1010 210 -280 -2030
5875 -58 72 1005 70 -490 -1960
5884 -57 70 1006 -350 -630 -1820
5894 -55 70 1008 -420 -630 -1680
5903 -56 69 1007 -70 -490 -1540
5913 -57 72 1001 560 -280 -1470
5923 -63 78 997 1050 70 -1400
5932 -63 80 998 980 70 -1260
5942 -64 80 1002 210 -210 -980
5951 -57 75 1006 -770 -630 -770
5961 -54 68 1008 -1050 -840 -630
5971 -52 71 1008 -350 -700 -630
5980 -53 76 1005 910 -280 -770
5990 -55 81 1003 1890 140 -910
6000 -58 90 1003 2310 280 -1050
6009 -60 91 1002 1820 140 -1050
6019 -61 90 1003 910 -70 -1120
6028 -57 87 1004 210 -350 -1120
6038 -59 83 1006 0 -490 -1120
6048 -59 83 1003 420 -420 -1330
6057 -60 83 1002 770 -420 -1470
6067 -62 85 1003 770 -350 -1750
6076 -61 85 1002 630 -350 -1960
6086 -63 84 1004 210 -420 -2100
6096 -63 85 1001 0 -420 -2170
6105 -64 83 1003 -140 -490 -2170
6115 -62 82 1002 -350 -560 -2030
6125 -62 79 1003 -490 -630 -1960
6134 -59 79 1006 -560 -700 -1820
6144 -58 74 1005 -560 -700 -1820
6153 -57 76 1005 -420 -700 -1610
6163 -58 73 1006 -140 -630 -1470
6173 -59 77 1006 140 -490 -1330
6182 -57 79 1004 70 -420 -1190
6192 -58 79 1003 -140 -420 -1050
6201 -53 75 1005 -350 -490 -910
6211 -52 78 1003 -280 -490 -840
6221 -55 78 1003 210 -350 -770
6230 -60 80 1000 630 -140 -770
6240 -62 82 999 700 -70 -770
6250 -59 85 1002 280 -140 -770
6259 -59 86 1005 -280 -280 -770
6269 -57 85 1009 -630 -350 -770
6278 -55 83 1009 -630 -420 -840
6288 -54 80 1011 -350 -420 -980
6298 -53 77 1010 -70 -420 -1190
6307 -54 79 1007 280 -420 -1260
6317 -55 83 1007 490 -350 -1400
6326 -57 86 1004 700 -210 -1540
6336 -57 84 1002 700 0 -1680
6346 -59 86 998 700 210 -1750
6355 -64 85 996 770 350 -1820
6365 -65 85 996 350 210 -1750
6375 -63 81 999 -490 -210 -1680
6384 -61 78 1004 -1120 -490 -1610
6394 -61 77 1005 -1190 -490 -1610
6403 -58 77 1008 -910 -350 -1610
6413 -58 76 1006 -490 -210 -1610
6423 -58 76 1007 -280 -210 -1470
6432 -59 72 1004 -490 -350 -1470
6442 -63 72 1007 -420 -210 -1540
6451 -60 75 1005 70 -140 -1540
6461 -61 78 1004 490 -70 -1540
6471 -59 81 1002 630 -140 -1470
6480 -58 83 1004 490 -140 -1400
6490 -57 83 1004 210 -280 -1260
6500 -59 81 1004 -140 -420 -1120
6509 -56 77 1003 -140 -420 -1050
6519 -55 79 1003 210 -350 -1120
6528 -56 81 1003 630 -140 -1190
6538 -57 82 1003 840 -70 -1190
6548 -60 84 1003 770 0 -1190
6557 -58 85 1000 560 0 -1260
6567 -59 86 1001 350 -210 -1120
6576 -58 86 1004 350 -280 -1120
6586 -59 89 1006 560 -350 -1050
6596 -59 90 1006 630 -280 -980
6605 -58 88 1006 280 -420 -980
6615 -59 83 1006 -210 -560 -980
6625 -60 83 1006 -350 -630 -980
6634 -56 82 1005 -280 -630 -1120
6644 -59 83 1002 -70 -490 -1330
6653 -62 89 1002 280 -350 -1470
6663 -68 88 1003 420 -350 -1540
6673 -70 86 1002 140 -560 -1470
6682 -69 79 1004 -280 -770 -1330
6692 -70 77 1004 -490 -980 -1260
6701 -68 72 1001 -350 -1050 -1260
6711 -64 70 1000 -70 -1050 -1330
6721 -66 75 999 210 -910 -1540
6730 -67 81 1003 420 -770 -1610
6740 -68 84 1001 210 -700 -1540
6750 -67 84 1002 -210 -700 -1400
6759 -65 83 1007 -700 -910 -1190
6769 -62 81 1004 -910 -1190 -910
6778 -63 85 1004 -700 -1330 -700
6788 -56 86 1000 -630 -1400 -490
6798 -57 87 1004 -1120 -1330 -350
6807 -52 85 1011 -1820 -1470 -210
6817 -52 85 1010 -2100 -1820 -210
6826 -47 80 1009 -2240 -1890 -70
6836 -42 72 1010 -2450 -1750 140
6846 -36 65 1009 -2800 -1820 210
6855 -32 66 1010 -2310 -1540 0
6865 -32 76 1005 -560 -700 -280
6875 -36 85 1002 1400 770 -560
6884 -43 94 1004 2590 2030 -770
6894 -46 94 1005 2380 2170 -770
6903 -47 87 1009 630 1400 -840
6913 -44 76 1014 -770 630 -1050
6923 -49 75 1006 -350 560 -1470
6932 -52 81 1001 1680 1330 -1890
6942 -62 90 995 3920 2240 -2240
6951 -69 100 992 4480 2660 -2590
6961 -73 102 995 2940 2240 -2660
6971 -76 98 1002 420 1190 -2520
6980 -76 88 1007 -1330 -70 -2380
6990 -71 82 1009 -1680 -770 -2310
7000 -68 82 1006 -840 -840 -2310
7009 -67 82 1001 70 -630 -2380
7019 -68 81 997 350 -280 -2380
7028 -74 82 995 -70 -70 -2310
7038 -72 80 1000 -770 -280 -2100
7048 -70 77 1002 -1540 -840 -1890
7057 -65 73 1006 -1960 -1260 -1610
7067 -68 71 1008 -1960 -1190 -1400
7076 -65 67 1009 -1610 -910 -1260
7086 -63 67 1001 -1050 -560 -1120
7096 -62 66 997 -700 -420 -980
7105 -62 68 997 -490 -490 -700
7115 -63 69 1003 -280 -700 -490
7125 -61 71 1006 -70 -910 -350
7134 -61 72 1004 70 -770 -350
7144 -62 77 1005 420 -420 -350
7153 -63 83 1003 770 -350 -420
7163 -61 86 1004 630 -700 -350
7173 -60 89 1008 70 -770 -280
7182 -60 87 1010 -280 -840 -280
7192 -55 84 1010 -420 -910 -280
7201 -52 81 1008 -280 -840 -490
7211 -49 82 1005 210 -700 -770
7221 -51 88 1000 700 -420 -1050
7230 -54 93 998 910 -70 -1330
7240 -57 98 1000 840 70 -1400
7250 -59 100 1001 420 -70 -1330
7259 -57 95 1006 -280 -420 -1260
7269 -53 90 1006 -910 -700 -1120
7278 -49 85 1007 -1190 -840 -1120
7288 -48 80 1007 -1120 -560 -1260
7298 -52 77 1005 -840 -210 -1400
7307 -56 81 1004 -490 70 -1610
7317 -59 83 1000 -350 210 -1680
7326 -63 84 1002 -350 280 -1680
7336 -66 86 1001 -420 140 -1750
7346 -68 83 1003 -560 70 -1680
7355 -69 84 1006 -560 0 -1470
7365 -67 79 1005 -840 -280 -1260
7375 -63 77 1009 -1400 -630 -1120
7384 -60 72 1010 -1890 -840 -1050
7394 -60 69 1009 -1960 -840 -1050
7403 -59 67 1009 -1610 -700 -980
7413 -60 71 1009 -1050 -630 -1050
7423 -59 74 1008 -560 -560 -980
7432 -57 72 1009 -420 -560 -980
7442 -56 70 1009 -560 -700 -1050
7451 -53 70 1010 -560 -840 -1050
7461 -49 68 1012 -210 -910 -1120
7471 -49 69 1009 560 -770 -1330
7480 -54 72 1004 1190 -420 -1610
7490 -59 79 1000 1540 -140 -1750
7500 -65 84 998 1400 0 -1820
7509 -71 89 998 1120 -70 -1820
7519 -71 91 1000 770 -210 -1680
7528 -68 90 1003 0 -630 -1400
7538 -63 88 1004 -910 -1120 -1190
7548 -58 82 1009 -1470 -1260 -1190
7557 -52 80 1012 -1540 -1120 -1120
7567 -52 80 1006 -1050 -910 -1330
7576 -52 81 1004 -350 -700 -1540
7586 -55 85 999 210 -350 -1750
7596 -60 90 996 560 0 -1750
7605 -64 94 996 490 140 -1680
7615 -65 93 997 70 0 -1400
7625 -64 91 1001 -770 -420 -1120
7634 -61 86 1008 -1540 -840 -910
7644 -56 81 1012 -2170 -1190 -840
7653 -52 74 1010 -2520 -1400 -770
7663 -52 67 1016 -2310 -1120 -980
7673 -50 66 1015 -1400 -910 -1120
7682 -48 68 1006 -770 -840 -1330
7692 -48 66 1001 -350 -770 -1470
7701 -53 71 1000 210 -490 -1540
7711 -57 74 1002 700 -350 -1610
7721 -63 79 1001 1050 -210 -1540
7730 -65 81 999 1120 -350 -1470
7740 -64 86 998 840 -350 -1330
7750 -63 86 1001 420 -280 -1190
7759 -63 85 1005 -70 -280 -1120
7769 -66 84 1006 -420 -350 -1120
7778 -67 87 1007 -700 -420 -1050
7788 -64 83 1007 -980 -560 -1050
7798 -64 83 1005 -1260 -630 -1050
7807 -61 79 1007 -1120 -350 -1050
7817 -62 77 1009 -630 -420 -1120
7826 -59 79 1003 -350 -840 -1190
7836 -53 76 1001 -560 -1050 -1050
7846 -53 80 998 -490 -700 -1120
7855 -55 82 998 -420 -280 -1120
7865 -55 84 1000 -700 -140 -980
7875 -53 81 1003 -1260 -350 -910
7884 -49 77 1007 -1680 -630 -770
7894 -51 74 1007 -1750 -700 -910
7903 -52 69 1011 -1260 -350 -1120
7913 -59 75 1007 -280 -140 -1400
7923 -60 76 1001 350 -70 -1540
7932 -61 78 1002 350 70 -1540
7942 -67 80 1006 140 0 -1470
7951 -65 81 1007 -280 -630 -1400
7961 -67 81 1007 -770 -980 -1400
7971 -68 79 1008 -980 -1050 -1330
7980 -66 77 1007 -840 -1120 -1260
7990 -64 79 1002 -700 -1190 -1190
8000 -61 81 1000 -560 -1330 -1050
8009 -61 79 997 -560 -1120 -910
8019 -61 79 997 -560 -770 -840
8028 -63 80 997 -770 -700 -700
8038 -63 80 1003 -1400 -700 -560
8048 -62 79 1010 -2030 -770 -490
8057 -57 73 1014 -2590 -1260 -420
8067 -54 68 1019 -3010 -1750 -490
8076 -53 62 1020 -2730 -1890 -560
8086 -52 60 1014 -1540 -1540 -840
8096 -51 63 1006 -350 -1120 -1050
8105 -53 63 1001 0 -700 -1190
8115 -54 67 1002 -210 -700 -1330
8125 -56 70 1004 -280 -770 -1400
8134 -55 67 1004 -210 -980 -1330
8144 -49 74 1008 0 -1050 -1470
8153 -49 77 1009 280 -770 -1470
8163 -48 77 1010 630 -560 -1540
8173 -47 79 1004 700 -560 -1540
8182 -52 80 1000 490 -560 -1610
8192 -59 86 1003 560 0 -1400
8201 -60 86 1008 490 350 -1120
8211 -54 85 1015 -210 280 -770
8221 -49 76 1023 -1680 -280 -630
8230 -43 64 1028 -3150 -980 -490
8240 -38 45 1032 -4340 -1680 -350
8250 -26 16 1031 -4410 -2030 -420
8259 -3 0 1001 -2170 -1960 -770
8269 -2 3 977 1960 70 -1750
8278 -32 21 970 7070 3080 -3640
8288 -65 64 965 12250 5880 -5250
8298 -100 116 973 16310 7560 -5530
8307 -125 169 993 17500 7700 -4760
8317 -135 196 1012 14770 5740 -2940
8326 -120 188 1018 8190 1680 -980
8336 -91 157 1014 -210 -3010 280
8346 -65 123 1016 -6720 -5460 560
8355 -48 105 1011 -9100 -4830 -140
8365 -43 100 1004 -7560 -2660 -1120
8375 -48 102 1002 -4970 -840 -2100
8384 -44 104 996 -3850 -770 -2940
8394 -43 92 995 -4900 -1820 -3220
8403 -44 73 1000 -6160 -2520 -3150
8413 -50 54 998 -5670 -2520 -2800
8423 -52 45 991 -3430 -1890 -2380
8432 -62 49 983 -770 -770 -1960
8442 -64 62 983 700 210 -1680
8451 -63 71 991 0 560 -1400
8461 -58 69 1003 -2520 140 -1120
8471 -52 63 1019 -4970 -490 -910
8480 -48 60 1033 -5810 -980 -840
8490 -49 54 1038 -4620 -1050 -840
8500 -53 50 1035 -2240 -280 -980
8509 -63 55 1024 420 560 -1120
8519 -68 54 1011 1820 560 -1120
8528 -70 58 1001 1890 140 -980
8538 -67 60 994 1750 -210 -770
8548 -69 62 995 1400 -280 -700
8557 -67 67 1000 910 -560 -700
8567 -67 69 997 -280 -1050 -770
8576 -64 66 1008 -1470 -1470 -910
8586 -56 63 1010 -1120 -1820 -1050
8596 -54 63 1010 0 -1750 -1400
8605 -54 71 1014 910 -1400 -1750
8615 -52 77 1016 910 -1470 -1820
8625 -45 81 1022 -140 -2030 -1890
8634 -40 76 1024 700 -1960 -1470
8644 -36 82 1016 4060 -420 -1190
8653 -40 86 1009 6930 1470 -1120
8663 -46 94 1001 8120 2520 -1050
8673 -57 111 984 7630 2590 -1050
8682 -61 126 970 5110 2310 -1260
8692 -65 124 972 560 1330 -1400
8701 -65 99 986 -3990 -420 -1470
8711 -60 81 1002 -5950 -1540 -1680
8721 -56 62 1013 -4830 -1330 -1820
8730 -57 58 1024 -2100 -140 -2170
8740 -56 70 1027 560 910 -2730
8750 -63 86 1023 2030 1260 -3150
8759 -62 94 1013 1960 700 -3220
8769 -62 91 1005 490 -350 -3150
8778 -55 82 994 -1540 -1470 -3080
8788 -50 73 994 -3220 -1820 -3010
8798 -49 70 999 -3990 -1260 -2800
8807 -47 65 1009 -4060 -770 -2380
8817 -43 62 1017 -3220 -560 -1680
8826 -46 62 1020 -490 0 -980
8836 -55 73 1013 3780 1190 -630
8846 -58 84 1001 7140 1890 -350
8855 -65 91 986 8120 1610 -210
8865 -70 96 986 6790 1050 -70
8875 -72 99 985 3850 140 -70
8884 -69 94 996 140 -630 -210
8894 -68 82 1008 -2520 -700 -350
8903 -63 80 1014 -3080 -560 -700
8913 -59 75 1014 -2100 -350 -980
8923 -59 75 1013 -700 -140 -1260
8932 -60 76 1011 350 0 -1540
8942 -59 79 1008 980 0 -1820
8951 -63 82 1003 1120 -70 -2100
8961 -64 87 1002 910 0 -2240
8971 -66 88 997 980 0 -2310
8980 -68 88 995 770 -140 -2100
8990 -69 87 996 -280 -490 -1890
9000 -64 84 1003 -1470 -770 -1610
9009 -61 77 1008 -1960 -840 -1470
9019 -61 73 1011 -1540 -700 -1400
9028 -65 70 1008 -560 -490 -1470
9038 -62 75 1007 350 -280 -1540
9048 -61 78 1006 630 -210 -1470
9057 -57 79 1005 490 -420 -1260
9067 -56 78 1005 140 -770 -1120
9076 -57 76 1006 0 -840 -1050
9086 -60 79 1010 70 -630 -1120
9096 -60 81 1009 140 -350 -1190
9105 -58 84 1006 0 -420 -1260
9115 -54 81 1004 -140 -630 -1260
9125 -53 78 1004 -210 -770 -1260
9134 -53 78 1005 -70 -630 -1330
9144 -56 81 1003 140 -490 -1470
9153 -58 83 1001 350 -280 -1610
9163 -61 86 1001 490 -70 -1610
9173 -62 91 1001 350 0 -1540
9182 -61 88 1006 -210 -140 -1540
9192 -56 84 1007 -770 -350 -1470
9201 -56 82 1010 -700 -420 -1470
9211 -56 82 1009 -70 -490 -1400
9221 -56 83 1011 560 -490 -1330
9230 -59 88 1009 980 -420 -1260
9240 -61 88 1009 910 -280 -1260
9250 -58 88 1005 350 -420 -1330
9259 -56 85 1003 -280 -560 -1190
9269 -58 80 999 -210 -420 -1190
9278 -60 84 998 350 -140 -1190
9288 -61 83 997 630 70 -1330
9298 -65 84 999 350 210 -1400
9307 -65 84 1003 70 210 -1540
9317 -66 85 1004 -210 0 -1610
9326 -64 85 1003 -700 -140 -1680
9336 -63 80 1006 -1120 -210 -1750
9346 -60 77 1003 -1190 -350 -1820
9355 -61 77 1005 -840 -420 -1820
9365 -62 77 1008 -490 -350 -1820
9375 -61 79 1008 -210 -280 -1820
9384 -57 81 1010 -140 -420 -1820
9394 -56 81 1011 0 -490 -1610
9403 -54 79 1008 350 -490 -1470
9413 -56 83 1005 630 -420 -1330
9423 -58 84 1006 910 -280 -1330
9432 -56 82 1000 1050 -140 -1330
9442 -61 83 997 1120 -70 -1400
9451 -61 86 994 1190 140 -1470
9461 -60 89 997 1120 280 -1400
9471 -61 92 1000 770 70 -1260
9480 -58 92 1004 210 -210 -1050
9490 -57 90 1006 -350 -630 -840
9500 -56 84 1012 -700 -840 -770
9509 -59 83 1014 -420 -490 -910
9519 -60 81 1011 210 -140 -1120
9528 -64 81 1010 490 0 -1330
9538 -60 83 1002 490 -210 -1470
9548 -64 85 999 280 -280 -1540
9557 -65 86 997 350 -140 -1610
9567 -66 86 999 350 -140 -1680
9576 -65 86 1002 70 -420 -1610
9586 -63 83 1003 -420 -700 -1610
9596 -63 82 1009 -700 -700 -1610
9605 -62 80 1008 -630 -560 -1680
9615 -61 82 1009 -420 -420 -1680
9625 -60 79 1006 -140 -280 -1680
9634 -62 79 1003 70 -350 -1610
9644 -62 77 1003 280 -420 -1470
9653 -61 83 1001 490 -420 -1330
9663 -60 89 1003 630 -420 -1260
9673 -61 90 1005 280 -420 -1190
9682 -59 88 1007 -420 -560 -1120
9692 -55 84 1007 -840 -630 -1120
9701 -59 81 1009 -700 -560 -1120
9711 -54 81 1004 -210 -420 -1190
9721 -57 82 1001 280 -350 -1260
9730 -62 86 1000 350 -350 -1330
9740 -61 86 1000 0 -420 -1260
9750 -59 87 1004 -350 -560 -1190
9759 -59 86 1005 -420 -630 -1190
9769 -57 85 1006 -350 -630 -1260
9778 -59 85 1008 -280 -630 -1400
9788 -58 86 1005 -70 -490 -1540
9798 -62 87 1000 70 -420 -1610
9807 -64 88 1001 70 -280 -1540
9817 -63 88 998 0 -350 -1470
9826 -60 89 1002 -210 -490 -1330
9836 -62 83 1003 -490 -630 -1260
9846 -58 82 1009 -630 -770 -1260
9855 -58 82 1009 -560 -770 -1260
9865 -59 83 1010 -280 -560 -1330
9875 -59 86 1009 70 -280 -1330
9884 -59 84 1008 210 -140 -1330
9894 -59 84 1003 140 -70 -1400
9903 -58 81 999 0 -140 -1400
9913 -61 81 999 0 -70 -1400
9923 -63 85 998 70 0 -1400
9932 -66 86 1000 -140 -70 -1330
9942 -63 85 1002 -630 -350 -1260
9951 -62 81 1004 -1050 -490 -1190
9961 -62 82 1006 -1120 -420 -1190
9971 -59 81 1007 -770 -280 -1260
9980 -59 84 1008 -280 -210 -1260
9990 -60 83 1009 -70 -210 -1260
10000 -61 83 1007 -140 -280 -1260
10009 -60 84 1004 0 -280 -1260
10019 -57 82 1002 70 -280 -1260
10028 -60 84 1001 70 -210 -1400
10038 -58 83 1003 140 -140 -1330
10048 -61 85 1004 140 -140 -1330
10057 -61 84 1001 70 -140 -1330
10067 -60 84 1004 0 -350 -1400
10076 -59 82 1003 140 -420 -1330
10086 -58 86 1002 210 -490 -1260
10096 -61 81 1004 140 -490 -1260
10105 -62 80 1002 0 -490 -1260
10115 -62 81 1006 0 -490 -1190
10125 -61 82 1003 0 -490 -1190
10134 -60 85 1007 -70 -490 -1190
10144 -60 83 1006 -70 -490 -1120
10153 -61 84 1005 70 -420 -1120
10163 -63 86 1004 280 -350 -1190
10173 -60 87 1004 420 -350 -1190
10182 -60 86 1003 280 -490 -1120
10192 -61 84 1004 140 -490 -1120
10201 -62 85 1002 70 -490 -1190
10211 -64 84 1003 -70 -420 -1190
10221 -66 83 1006 -280 -420 -1190
10230 -65 78 999 -490 -420 -1190
10240 -67 77 1003 -560 -350 -1120
10250 -64 76 1005 -350 -280 -1190
10259 -64 75 1005 70 -210 -1190
10269 -63 77 1006 210 -280 -1120
10278 -62 76 1007 140 -280 -980
10288 -62 77 1008 210 -350 -770
10298 -60 78 1007 420 -350 -420
10307 -61 78 1007 560 -350 -210
10317 -60 81 1006 700 -350 0
10326 -56 82 1007 560 -350 140
10336 -56 81 1007 490 -350 280
10346 -55 82 1007 560 -210 350
10355 -53 86 1006 840 0 350
10365 -54 87 1002 1260 210 280
10375 -56 88 1002 1540 280 210
10384 -57 89 1001 1680 280 140
10394 -58 95 1001 1820 210 0
10403 -58 97 1003 1890 210 -140
10413 -58 98 1001 2030 280 -280
10423 -60 102 1002 2100 280 -350
10432 -60 104 1001 1680 70 -420
10442 -60 102 1000 700 -140 -560
10451 -66 95 1002 -350 -350 -700
10461 -64 93 1006 -910 -490 -980
10471 -60 87 1009 -840 -560 -1330
10480 -57 89 1006 -70 -490 -1610
10490 -58 90 1001 630 -420 -1890
10500 -59 92 998 770 -420 -1960
10509 -58 94 997 490 -350 -1960
10519 -58 97 996 -140 -350 -1890
10528 -58 95 999 -840 -490 -1890
10538 -58 91 1001 -1330 -420 -1890
10548 -61 86 1003 -1400 -420 -1890
10557 -62 86 1006 -1120 -350 -1960
10567 -64 85 1011 -770 -280 -2030
10576 -72 85 1012 -770 -280 -2030
10586 -71 80 1014 -1190 -490 -2030
10596 -69 75 1012 -1680 -700 -1960
10605 -66 69 1010 -1680 -840 -1890
10615 -62 65 1005 -1120 -700 -1820
10625 -62 65 1000 -490 -420 -1820
10634 -64 70 1001 -70 -350 -1890
10644 -61 79 999 560 -280 -1750
10653 -64 90 1000 1050 -280 -1470
10663 -69 97 998 1400 -280 -1050
10673 -68 103 997 980 -350 -840
10682 -71 105 1000 350 -490 -490
10692 -73 107 1002 -280 -700 -420
10701 -75 107 1001 -700 -840 -350
10711 -77 108 1002 -910 -700 -280
10721 -79 108 1001 -1050 -700 -210
10730 -72 108 1004 -1610 -980 -70
10740 -65 103 1003 -2520 -1610 70
10750 -58 98 1006 -3430 -2030 70
10759 -50 93 1007 -3850 -2240 0
10769 -44 88 1006 -3780 -2240 -140
10778 -42 84 1007 -3430 -2030 -350
10788 -39 81 1005 -3080 -1750 -420
10798 -37 78 1007 -2940 -1540 -560
10807 -35 73 1006 -3150 -1260 -700
10817 -38 67 1005 -3290 -980 -910
10826 -41 64 1006 -2940 -630 -1120
10836 -44 63 1005 -2030 -140 -1400
10846 -53 63 1009 -770 420 -1610
10855 -56 64 1008 210 770 -1750
10865 -56 65 1010 630 910 -1820
10875 -59 67 1013 700 840 -1680
10884 -57 64 1017 560 630 -1610
10894 -54 66 1018 770 630 -1540
10903 -55 66 1014 1120 630 -1680
10913 -53 68 1010 1400 700 -1820
10923 -57 71 1006 1820 840 -2030
10932 -61 78 1002 2380 910 -2240
10942 -69 80 1004 3150 1190 -2450
10951 -71 85 996 3920 1050 -2450
10961 -75 97 993 4410 980 -2380
10971 -74 98 993 3850 210 -2240
10980 -73 98 993 1820 -420 -2030
10990 -70 94 1003 0 -700 -1890
11000 -66 91 1013 -770 -770 -1890
11009 -64 85 1015 -420 -910 -1960
11019 -64 87 1009 420 -770 -2170
11028 -66 86 1006 1330 -700 -2380
11038 -70 93 1005 1610 -280 -2660
11048 -73 95 999 1400 -70 -2870
11057 -73 98 997 1120 -70 -2870
11067 -74 100 993 1050 -420 -2660
11076 -77 100 991 1120 -910 -2450
11086 -70 102 991 770 -1260 -2100
11096 -70 98 995 -630 -1400 -1750
11105 -69 91 998 -2240 -1050 -1540
11115 -69 90 1003 -2730 -910 -1400
11125 -63 87 1006 -2380 -1120 -1120
11134 -62 85 1006 -2240 -1470 -840
11144 -58 81 1007 -2450 -1680 -630
11153 -58 81 1008 -2450 -1540 -560
11163 -56 79 1006 -1890 -1330 -490
11173 -53 82 1004 -1120 -1120 -560
11182 -53 82 1004 -490 -910 -630
11192 -58 86 1001 -70 -630 -700
11201 -58 89 994 -70 -350 -630
11211 -58 92 992 -140 0 -560
11221 -60 97 998 -350 0 -350
11230 -61 100 996 -980 -350 -210
11240 -61 95 1005 -1890 -770 0
11250 -57 90 1011 -2520 -1190 140
11259 -54 89 1011 -2660 -1540 140
11269 -51 84 1012 -2380 -1680 140
11278 -47 81 1007 -1890 -1400 0
11288 -47 82 1008 -1750 -1120 -140
11298 -51 79 1013 -1960 -1050 -350
11307 -51 77 1010 -2240 -1120 -560
11317 -52 74 1012 -1960 -1330 -700
11326 -52 71 1006 -1260 -1190 -910
11336 -60 70 1004 -420 -630 -1120
11346 -59 70 1001 -140 -280 -1330
11355 -62 70 1000 -420 -140 -1540
11365 -60 70 1000 -700 -420 -1680
11375 -61 74 1003 -630 -490 -1890
11384 -62 75 1005 -280 -350 -1890
11394 -63 79 1007 -70 -210 -1820
11403 -59 78 1006 -140 -70 -1610
11413 -63 79 1007 -140 140 -1470
11423 -63 82 1004 140 210 -1330
11432 -63 88 1007 280 140 -1190
11442 -63 87 1012 140 -140 -1120
11451 -59 86 1012 -350 -560 -1050
11461 -58 81 1013 -770 -770 -1120
11471 -51 76 1012 -980 -840 -1190
11480 -45 71 1006 -980 -700 -1260
11490 -40 67 1001 -700 -560 -1330
11500 -38 68 1000 -140 -210 -1400
11509 -42 71 997 770 280 -1540
11519 -47 77 997 1610 560 -1610
11528 -54 83 1000 2030 700 -1680
11538 -60 89 1003 2240 490 -1610
11548 -61 90 1005 2100 280 -1470
11557 -63 92 1004 1820 140 -1400
11567 -66 94 1003 1750 70 -1470
11576 -64 93 1003 1330 -70 -1540
11586 -67 89 1002 560 -140 -1680
11596 -67 89 1005 -210 -280 -1820
11605 -64 87 1005 -420 -140 -2030
11615 -66 87 1004 0 -140 -2030
11625 -65 90 1002 700 -70 -2030
11634 -67 94 998 1330 -70 -1890
11644 -71 94 1001 1120 -140 -1610
11653 -72 94 1001 210 -280 -1400
11663 -73 89 1002 -980 -630 -1190
11673 -67 82 1003 -1680 -980 -1050
11682 -64 79 1004 -1890 -1190 -1050
11692 -60 75 1003 -1750 -1050 -1120
11701 -60 75 1002 -1470 -770 -1190
11711 -61 79 1003 -1120 -490 -1260
11721 -62 80 1002 -840 -350 -1330
11730 -62 79 1003 -700 -490 -1190
11740 -62 79 1003 -700 -700 -1050
11750 -63 77 1003 -770 -770 -980
11759 -64 77 1006 -700 -770 -980
11769 -65 79 1004 -700 -770 -910
11778 -61 82 1006 -980 -910 -980
11788 -58 80 1008 -1260 -1050 -980
11798 -55 79 1004 -1400 -1050 -840
11807 -52 79 1004 -1190 -980 -770
11817 -54 78 1003 -770 -910 -770
11826 -53 80 1001 -140 -840 -840
11836 -55 81 1000 420 -700 -910
11846 -56 87 997 560 -630 -980
11855 -62 86 997 140 -630 -980
11865 -64 84 1009 -630 -630 -980
11875 -57 87 1006 -630 -770 -910
11884 -57 80 1004 -1610 -1120 -980
11894 -62 67 1008 -3990 -1750 -1330
11903 -57 61 1006 -7840 -3360 -2240
11913 -48 66 1033 -10990 -5250 -2940
11923 -54 71 1059 -6160 -4760 -2030
11932 -39 68 1052 3710 -1890 -350
11942 -27 64 1025 9940 -420 560
11951 -17 76 993 13020 700 350
11961 -20 109 947 15330 3710 -630
11971 -41 144 929 13090 6650 -1330
11980 -78 163 933 4200 5740 -1470
11990 -88 129 959 -5950 1400 -770
12000 -83 84 1004 -13510 -2310 70
12009 -74 42 1043 -15960 -3780 -70
12019 -61 17 1060 -12110 -3080 -1120
12028 -66 20 1062 -4200 -70 -2450
12038 -69 40 1046 3780 2240 -3570
12048 -72 59 1021 7490 2170 -4130
12057 -69 74 997 6090 350 -4480
12067 -55 82 982 1400 -1820 -4480
12076 -48 84 977 -3220 -2380 -4480
12086 -45 77 982 -6090 -1330 -3990
12096 -46 72 1009 -5950 280 -3080
12105 -48 69 1021 -2310 490 -1820
12115 -48 75 1019 3710 700 -700
12125 -56 92 1009 9870 1750 0
12134 -68 121 998 13440 2380 350
12144 -76 136 984 12810 2030 630
12153 -76 139 978 7770 840 770
12163 -68 121 988 70 -980 770
12173 -58 92 1009 -6510 -2380 420
12182 -44 72 1024 -8470 -2590 -70
12192 -41 64 1024 -5670 -1400 -700
12201 -46 72 1013 -1120 210 -1190
12211 -54 81 1004 2310 980 -1540
12221 -64 84 990 3500 700 -1680
12230 -67 86 987 3080 210 -1890
12240 -68 83 987 1820 0 -2310
12250 -68 86 987 280 -140 -2660
12259 -69 89 997 -980 -280 -3010
12269 -66 88 1001 -2030 -490 -3080
12278 -64 86 1009 -3290 -910 -2940
12288 -62 79 1019 -4200 -1260 -2590
12298 -61 73 1021 -3640 -1120 -2380
12307 -61 70 1017 -1540 -420 -2100
12317 -66 72 1006 840 350 -1750
12326 -70 77 1000 2100 630 -1470
12336 -70 82 996 1820 280 -1190
12346 -68 82 996 350 -280 -770
12355 -68 76 999 -1120 -700 -560
12365 -65 71 1003 -1890 -980 -420
12375 -61 70 1008 -1680 -980 -280
12384 -54 72 1009 -910 -840 -210
12394 -55 72 1010 -140 -630 -280
12403 -54 74 1010 350 -490 -420
12413 -56 81 1009 700 -210 -630
12423 -57 83 1003 910 -70 -910
12432 -61 88 1002 840 -140 -1120
12442 -57 88 1000 350 -350 -1400
12451 -57 89 1001 -280 -560 -1610
12461 -56 85 1004 -700 -700 -1820
12471 -54 85 1005 -840 -770 -1960
12480 -52 84 1008 -700 -770 -2100
12490 -54 81 1005 -140 -700 -2240
12500 -58 82 1006 630 -560 -2310
12509 -59 86 1003 1120 -350 -2170
12519 -59 91 1001 1190 -280 -2030
12528 -59 91 1004 700 -210 -1820
12538 -57 90 1005 70 -280 -1540
12548 -57 89 1010 -490 -420 -1330
12557 -55 86 1012 -420 -490 -1260
12567 -58 86 1010 350 -420 -1190
12576 -59 86 1007 1190 -280 -1120
12586 -60 89 1002 1400 -280 -1190
12596 -60 89 1000 1190 -420 -1190
12605 -59 85 998 630 -210 -1190
12615 -63 87 996 490 140 -1330
12625 -65 85 993 630 350 -1330
12634 -65 88 995 280 280 -1330
12644 -66 87 1002 -420 280 -1260
12653 -64 87 1006 -980 0 -1190
12663 -62 83 1007 -1330 -350 -1260
12673 -60 82 1009 -1190 -280 -1330
12682 -63 81 1008 -700 -70 -1470
12692 -61 79 1003 -350 0 -1610
12701 -62 80 1005 -350 -210 -1680
12711 -61 81 1001 -420 -350 -1680
12721 -61 79 1002 -350 -280 -1610
12730 -62 83 1001 -70 -140 -1540
12740 -59 83 1001 -70 -140 -1400
12750 -60 82 1003 -210 -280 -1260
12759 -62 81 1004 -210 -280 -1190
12769 -62 82 1005 -70 -350 -1190
12778 -63 84 1004 140 -280 -1260
12788 -65 83 1005 210 -210 -1190
12798 -62 82 1005 0 -280 -1190
12807 -61 82 1004 -210 -420 -1120
12817 -61 82 1005 -420 -560 -1120
12826 -59 82 1005 -420 -700 -1120
12836 -60 81 1006 -140 -560 -1190
12846 -58 83 1004 210 -490 -1260
12855 -60 85 1005 350 -560 -1260
12865 -57 83 1003 280 -560 -1330
12875 -60 85 1003 140 -490 -1400
12884 -59 84 1004 210 -350 -1400
12894 -59 84 1003 350 -280 -1470
12903 -58 89 1000 560 -140 -1400
12913 -62 88 1000 560 -140 -1470
12923 -63 87 998 350 -70 -1470
12932 -64 89 1002 140 -140 -1400
12942 -61 88 1006 -70 -280 -1400
12951 -61 87 1007 -280 -420 -1260
12961 -61 84 1010 -350 -560 -1260
12971 -62 80 1007 -140 -490 -1330
12980 -61 83 1007 140 -350 -1330
12990 -60 81 1003 140 -350 -1400
13000 -62 82 1003 70 -420 -1330
13009 -58 84 1001 140 -420 -1330
13019 -63 87 1001 280 -280 -1330
13028 -65 88 1002 420 -210 -1330
13038 -63 87 1000 210 -350 -1400
13048 -64 87 1004 -280 -560 -1330
13057 -63 85 1005 -560 -560 -1330
13067 -61 86 1008 -490 -490 -1400
13076 -61 86 1002 -420 -490 -1330
13086 -58 85 1006 -420 -490 -1400
13096 -59 85 1004 -350 -490 -1400
13105 -59 87 1004 -210 -420 -1330
13115 -58 87 1003 0 -420 -1260
13125 -58 85 1003 -140 -420 -1190
13134 -61 87 1004 -210 -420 -1120
13144 -59 83 1004 -280 -490 -1190
13153 -60 80 1007 -350 -490 -1260
13163 -60 82 1009 -280 -490 -1400
13173 -62 81 1005 -70 -420 -1610
13182 -60 83 1004 210 -350 -1610
13192 -61 83 1002 210 -280 -1540
13201 -60 86 999 70 -280 -1470
13211 -57 84 1000 -70 -420 -1260
13221 -58 83 1003 -280 -490 -1190
13230 -57 83 1008 -140 -490 -1190
13240 -60 83 1007 70 -350 -1330
13250 -59 84 1008 280 -280 -1330
13259 -62 87 1009 350 -210 -1470
13269 -62 87 1008 420 -210 -1400
13278 -58 89 1004 490 -420 -1400
13288 -55 86 1003 0 -910 -1330
13298 -56 83 1000 -420 -700 -1400
13307 -61 82 1003 140 -140 -1470
13317 -61 87 999 560 -70 -1400
13326 -62 86 1001 280 -210 -1400
13336 -62 87 1002 -280 -350 -1330
13346 -62 86 1003 -560 -210 -1260
13355 -62 87 1005 -490 -140 -1330
13365 -66 86 1005 -350 -140 -1470
13375 -65 85 1006 -350 -210 -1610
13384 -66 85 1006 -420 -280 -1540
13394 -65 83 1004 -420 -420 -1610
13403 -64 84 1001 -350 -420 -1610
13413 -61 86 999 -350 -490 -1610
13423 -58 89 1002 -560 -700 -1400
13432 -56 86 1004 -910 -910 -1190
13442 -58 86 1007 -980 -910 -1120
13451 -57 84 1005 -630 -770 -1050
13461 -61 85 1005 -140 -560 -1050
13471 -63 84 1004 70 -420 -1050
13480 -59 87 1000 -70 -490 -1050
13490 -60 85 1001 -420 -560 -1050
13500 -60 84 1001 -630 -630 -1050
13509 -60 82 1004 -770 -560 -1050
13519 -59 83 1003 -560 -630 -980
13528 -59 81 1006 -420 -700 -980
13538 -58 85 1004 -210 -630 -980
13548 -58 84 1005 0 -490 -980
13557 -60 84 1004 -70 -420 -980
13567 -62 87 1006 -210 -420 -1050
13576 -59 86 1005 -140 -490 -1050
13586 -59 87 1005 -70 -420 -1050
13596 -62 87 1004 0 -350 -1120
13605 -62 89 1003 -70 -350 -1190
13615 -61 85 1003 -420 -420 -1260
13625 -60 86 1002 -700 -560 -1330
13634 -61 82 1004 -980 -700 -1400
13644 -59 82 1006 -980 -700 -1540
13653 -59 80 1006 -980 -630 -1470
13663 -59 81 1003 -700 -560 -1470
13673 -58 80 1003 -420 -490 -1470
13682 -56 80 1006 -280 -560 -1400
13692 -59 82 1004 -350 -560 -1330
13701 -59 84 1005 -350 -490 -1260
13711 -60 84 1004 -210 -420 -1260
13721 -62 83 1004 -140 -350 -1330
13730 -61 82 1004 -210 -350 -1330
13740 -60 84 1003 -280 -420 -1400
13750 -57 81 1003 -350 -630 -1330
13759 -57 83 1006 -350 -700 -1260
13769 -56 82 1006 -280 -630 -1190
13778 -59 84 1004 -140 -560 -1120
13788 -61 86 1002 -140 -490 -1120
13798 -62 83 1002 -70 -350 -1050
13807 -65 85 1003 -70 -350 -1050
13817 -61 85 1003 -280 -490 -1050
13826 -59 85 1008 -560 -700 -1050
13836 -55 83 1009 -840 -840 -1190
13846 -58 83 1006 -630 -770 -1330
13855 -56 81 1003 -210 -490 -1540
13865 -61 84 1001 280 -140 -1610
13875 -61 86 1000 420 -70 -1540
13884 -67 89 1000 70 -280 -1540
13894 -63 89 1001 -280 -630 -1400
13903 -60 87 1003 -700 -700 -1260
13913 -59 84 1006 -980 -770 -1190
13923 -59 85 1011 -1120 -840 -1190
13932 -58 79 1011 -1190 -910 -1120
13942 -56 79 1013 -1120 -910 -1120
13951 -55 77 1011 -770 -770 -1190
13961 -57 79 1005 -350 -560 -1330
13971 -55 81 1001 -70 -280 -1400
13980 -60 82 998 -70 -280 -1330
13990 -59 81 996 0 -280 -1260
14000 -62 79 998 -210 -280 -1260
14009 -63 82 1002 -350 -70 -1260
14019 -66 84 1006 -490 -210 -1260
14028 -62 82 1007 -910 -630 -1260
14038 -59 81 1005 -1260 -700 -1260
14048 -58 77 1008 -1050 -560 -1260
14057 -59 80 1004 -560 -350 -1330
14067 -60 80 1004 -210 -350 -1330
14076 -59 82 1003 -140 -350 -1330
14086 -58 83 1003 -70 -350 -1330
14096 -57 85 1003 -70 -420 -1330
14105 -55 85 1005 -210 -420 -1330
14115 -59 84 1005 -210 -490 -1330
14125 -57 82 1003 -350 -630 -1400
14134 -57 80 1002 -350 -560 -1330
14144 -60 79 1005 -70 -280 -1330
14153 -60 83 1001 140 -420 -1330
14163 -57 83 1000 -140 -630 -1260
14173 -58 81 1002 -560 -630 -1190
14182 -58 81 1003 -630 -490 -1120
14192 -59 81 1006 -420 -420 -1120
14201 -60 84 1005 -350 -630 -1190
14211 -57 82 1008 -350 -770 -1260
14221 -59 83 1007 -140 -630 -1260
14230 -57 85 1004 280 -420 -1260
14240 -58 82 1003 420 -280 -1260
14250 -61 86 1003 420 -140 -1190
14259 -60 86 1002 280 -350 -1260
14269 -58 85 1003 -140 -700 -1260
14278 -61 85 1003 -490 -770 -1260
14288 -59 81 1006 -560 -490 -1400
14298 -62 83 1005 -210 -350 -1400
14307 -61 82 1003 -210 -490 -1330
14317 -60 82 1005 -630 -770 -1260
14326 -55 81 1004 -770 -700 -1190
14336 -55 79 1003 -560 -560 -1190
14346 -57 81 1007 -280 -70 -1260
14355 -62 83 1004 0 -140 -1330
14365 -58 83 1006 -350 -630 -1330
14375 -58 80 1006 -840 -840 -1260
14384 -58 82 1006 -630 -560 -1260
14394 -60 81 1005 -280 -350 -1330
14403 -58 79 1006 -280 -350 -1330
14413 -58 81 1005 -350 -420 -1260
14423 -57 79 1008 -210 -420 -1330
14432 -56 80 1005 70 -350 -1330
14442 -56 81 1004 350 -280 -1330
14451 -57 86 1002 350 -280 -1330
14461 -59 81 1002 210 -210 -1330
14471 -60 82 1003 70 -210 -1330
14480 -60 83 1003 0 -210 -1400
14490 -60 83 1005 -210 -280 -1400
14500 -55 81 1007 -350 -420 -1470
14509 -55 78 1007 -280 -420 -1470
14519 -57 79 1007 140 -280 -1470
14528 -60 82 1001 630 -140 -1400
14538 -62 85 1001 770 -70 -1330
14548 -65 88 999 630 0 -1260
14557 -63 88 1001 210 -70 -1190
14567 -59 84 1007 -280 -280 -1190
14576 -56 82 1011 -560 -560 -1190
14586 -55 80 1011 -630 -700 -1190
14596 -51 79 1010 -280 -630 -1260
14605 -52 79 1008 70 -560 -1330
14615 -52 81 1006 490 -420 -1470
14625 -52 83 1003 840 -70 -1540
14634 -57 84 999 1260 210 -1540
14644 -60 88 995 1470 350 -1470
14653 -62 91 998 1260 280 -1400
14663 -62 88 998 560 140 -1330
14673 -62 86 1001 -210 -140 -1330
14682 -62 85 1004 -770 -280 -1330
14692 -61 84 1009 -770 -210 -1400
14701 -62 84 1008 -420 -70 -1470
14711 -62 83 1006 -210 0 -1400
14721 -63 83 1005 -280 -210 -1330
14730 -63 80 1006 -280 -350 -1330
14740 -63 80 1003 -280 -350 -1260
14750 -64 79 1005 -210 -350 -1260
14759 -64 78 1006 -210 -350 -1330
14769 -58 80 1005 -280 -560 -1260
14778 -58 80 1004 -210 -560 -1260
14788 -59 79 1003 -70 -490 -1260
14798 -62 80 1004 70 -420 -1330
14807 -61 84 1004 70 -490 -1330
14817 -60 80 1005 -140 -630 -1260
14826 -59 79 1004 -350 -770 -1260
14836 -58 77 1003 -350 -770 -1330
14846 -58 75 1005 -140 -770 -1330
14855 -55 77 1005 140 -770 -1260
14865 -58 82 1006 280 -700 -1400
14875 -57 83 1005 490 -630 -1400
14884 -58 85 1007 700 -560 -1330
14894 -60 87 1005 770 -560 -1330
14903 -60 88 1004 630 -490 -1260
14913 -59 89 1003 560 -490 -1190
14923 -58 89 1002 350 -560 -1120
14932 -59 89 1004 140 -560 -1050
14942 -56 87 1004 0 -630 -1120
14951 -56 85 1006 0 -560 -1190
14961 -57 87 1004 210 -350 -1260
14971 -60 87 1003 350 -210 -1330
14980 -58 87 1001 350 -140 -1400
14990 -58 89 1003 280 -140 -1470
15000 -58 88 1002 140 -210 -1400
15009 -60 88 1003 0 -210 -1400
15019 -58 86 1004 -210 -210 -1400
15028 -58 88 1004 -350 -280 -1470
15038 -57 87 1003 -420 -140 -1400
15048 -61 86 1003 -420 -140 -1400
15057 -60 85 1006 -350 -140 -1400
15067 -57 83 1004 -350 -140 -1330
15076 -59 83 1003 -280 -140 -1330
15086 -58 84 1003 -350 -210 -1330
15096 -60 80 1002 -280 -210 -1260
15105 -61 79 1005 -210 -210 -1260
15115 -59 82 1005 -140 -280 -1190
15125 -60 81 1004 -70 -280 -1190
15134 -62 82 1005 -140 -280 -1190
15144 -61 82 1005 -140 -210 -1190
15153 -61 81 1005 -140 -140 -1190
15163 -63 81 1004 -140 -210 -1120
15173 -59 79 1006 -210 -280 -1120
15182 -58 80 1004 -70 -350 -1260
15192 -58 84 1004 210 -420 -1330
15201 -60 81 1004 490 -280 -1470
15211 -61 84 1003 910 -70 -1540
15221 -63 88 1002 980 0 -1540
15230 -66 88 999 420 -70 -1540
15240 -64 84 1003 -350 -350 -1400
15250 -60 81 1006 -840 -630 -1400
15259 -62 79 1008 -770 -700 -1400
15269 -58 80 1011 -350 -700 -1540
15278 -58 79 1011 0 -770 -1610
15288 -57 81 1011 140 -700 -1540
15298 -56 83 1011 280 -630 -1540
15307 -53 84 1002 420 -560 -1540
15317 -57 85 1004 490 -420 -1540
15326 -57 85 1000 700 -280 -1610
15336 -62 88 998 910 -70 -1540
15346 -64 92 998 910 70 -1540
15355 -66 92 1001 490 70 -1470
15365 -65 93 1001 -280 -70 -1330
15375 -60 84 1003 -840 -350 -1260
15384 -59 85 1005 -840 -490 -1260
15394 -59 84 1003 -490 -420 -1330
15403 -57 85 1005 -210 -140 -1400
15413 -58 84 1007 0 -70 -1400
15423 -56 87 1004 0 -280 -1400
15432 -58 86 1000 70 -140 -1470
15442 -59 87 1003 210 0 -1540
15451 -60 87 1003 140 0 -1540
15461 -58 87 1003 70 -70 -1540
15471 -61 85 1002 -140 -280 -1470
15480 -57 84 1001 -140 -350 -1400
15490 -59 85 1000 70 -280 -1400
15500 -60 86 1001 210 -140 -1330
15509 -60 88 1003 210 -140 -1260
15519 -59 86 1004 -140 -350 -1190
15528 -61 86 1006 -560 -420 -1120
15538 -60 82 1006 -490 -420 -1050
15548 -62 81 1006 -140 -350 -1190
15557 -61 84 1004 210 -210 -1190
15567 -64 86 1004 420 -140 -1260
15576 -63 85 1003 210 -280 -1190
15586 -64 86 1004 0 -280 -1190
15596 -61 85 1001 0 -350 -1190
15605 -62 86 1004 140 -350 -1190
15615 -63 86 1000 280 -420 -1190
15625 -63 85 1004 140 -420 -1260
15634 -63 84 1002 -140 -490 -1330
15644 -65 80 1003 -420 -560 -1330
15653 -63 82 1006 -490 -630 -1330
15663 -58 81 1007 -350 -630 -1330
15673 -58 84 1008 -70 -490 -1330
15682 -57 86 1004 140 -420 -1400
15692 -59 88 1005 140 -490 -1400
15701 -59 87 1001 70 -490 -1330
15711 -59 85 1001 0 -490 -1330
15721 -61 88 1004 0 -420 -1330
15730 -60 86 1003 -70 -490 -1400
15740 -61 85 1005 -280 -490 -1330
15750 -59 85 1004 -280 -560 -1400
15759 -58 83 1006 -210 -490 -1260
15769 -56 87 1006 -140 -490 -1260
15778 -56 85 1004 0 -420 -1260
15788 -57 86 1003 140 -420 -1260
15798 -57 87 1003 140 -350 -1260
15807 -58 88 1002 210 -210 -1260
15817 -58 90 1002 280 -210 -1260
15826 -60 89 1002 280 -70 -1260
15836 -64 90 1002 70 -140 -1330
15846 -61 90 1005 70 -140 -1330
15855 -61 91 1005 70 -210 -1330
15865 -64 88 1004 -140 -210 -1330
15875 -61 89 1003 -420 -280 -1330
15884 -61 87 1004 -700 -350 -1400
15894 -60 83 1006 -700 -420 -1470
15903 -58 80 1006 -420 -420 -1540
15913 -61 83 1006 -140 -420 -1610
15923 -61 82 1002 140 -350 -1610
15932 -63 84 1003 280 -210 -1540
15942 -63 87 1001 140 -210 -1330
15951 -64 87 1001 -140 -350 -1330
15961 -63 85 1003 -560 -560 -1260
15971 -61 85 1007 -700 -630 -1260
15980 -60 82 1010 -420 -630 -1330
15990 -60 82 1009 70 -560 -1400
16000 -62 84 1010 350 -420 -1260
16009 -59 87 1006 350 -630 -1330
16019 -57 84 1004 70 -980 -1260
16028 -57 85 1002 -70 -630 -1260
16038 -59 87 1002 490 -210 -1330
16048 -62 89 999 840 -70 -1400
16057 -63 92 994 770 -70 -1400
16067 -65 94 999 280 0 -1400
16076 -67 93 1001 -280 -210 -1330
16086 -64 89 1004 -910 -420 -1260
16096 -60 86 1004 -1260 -490 -1330
16105 -61 83 1007 -1050 -350 -1400
16115 -57 84 1006 -630 -280 -1470
16125 -61 84 1004 -280 -280 -1470
16134 -62 87 1006 -70 -280 -1540
16144 -59 87 1003 -140 -350 -1540
16153 -58 84 1003 -350 -420 -1470
16163 -58 86 1005 -280 -280 -1400
16173 -61 87 1005 140 -140 -1400
